1.00000000 -0.00000000
0.99900865 0.00021176
0.99801727 0.00042322
0.99702583 0.00063438
0.99603435 0.00084525
0.99504283 0.00105582
0.99405126 0.00126609
0.99305965 0.00147607
0.99206799 0.00168575
0.99107629 0.00189514
0.99008455 0.00210423
0.98909276 0.00231303
0.98810093 0.00252153
0.98710906 0.00272974
0.98611714 0.00293766
0.98512517 0.00314529
0.98413317 0.00335262
0.98314112 0.00355966
0.98214903 0.00376641
0.98115689 0.00397287
0.98016471 0.00417904
0.97917249 0.00438491
0.97818023 0.00459050
0.97718792 0.00479580
0.97619557 0.00500080
0.97520317 0.00520552
0.97421074 0.00540995
0.97321826 0.00561409
0.97222574 0.00581795
0.97123318 0.00602151
0.97024057 0.00622479
0.96924792 0.00642778
0.96825523 0.00663049
0.96726250 0.00683290
0.96626973 0.00703504
0.96527691 0.00723688
0.96428406 0.00743844
0.96329116 0.00763972
0.96229822 0.00784071
0.96130523 0.00804142
0.96031221 0.00824184
0.95931915 0.00844198
0.95832604 0.00864184
0.95733289 0.00884141
0.95633970 0.00904070
0.95534647 0.00923971
0.95435320 0.00943843
0.95335989 0.00963688
0.95236653 0.00983504
0.95137314 0.01003292
0.95037971 0.01023052
0.94938623 0.01042784
0.94839272 0.01062488
0.94739916 0.01082164
0.94640556 0.01101813
0.94541193 0.01121433
0.94441825 0.01141025
0.94342453 0.01160589
0.94243077 0.01180126
0.94143697 0.01199635
0.94044314 0.01219116
0.93944926 0.01238569
0.93845534 0.01257994
0.93746138 0.01277392
0.93646739 0.01296762
0.93547335 0.01316105
0.93447927 0.01335420
0.93348516 0.01354707
0.93249100 0.01373967
0.93149681 0.01393199
0.93050258 0.01412404
0.92950830 0.01431581
0.92851399 0.01450731
0.92751964 0.01469854
0.92652525 0.01488949
0.92553082 0.01508017
0.92453635 0.01527057
0.92354185 0.01546070
0.92254730 0.01565056
0.92155272 0.01584015
0.92055810 0.01602946
0.91956344 0.01621850
0.91856874 0.01640727
0.91757400 0.01659577
0.91657922 0.01678400
0.91558441 0.01697196
0.91458956 0.01715964
0.91359467 0.01734706
0.91259974 0.01753420
0.91160477 0.01772108
0.91060977 0.01790768
0.90961472 0.01809402
0.90861964 0.01828009
0.90762453 0.01846589
0.90662937 0.01865141
0.90563418 0.01883668
0.90463895 0.01902167
0.90364368 0.01920639
0.90264838 0.01939085
0.90165303 0.01957504
0.90065765 0.01975896
0.89966224 0.01994262
0.89866678 0.02012600
0.89767129 0.02030912
0.89667576 0.02049198
0.89568020 0.02067457
0.89468460 0.02085689
0.89368896 0.02103895
0.89269328 0.02122074
0.89169757 0.02140226
0.89070182 0.02158353
0.88970604 0.02176452
0.88871022 0.02194525
0.88771436 0.02212572
0.88671847 0.02230592
0.88572253 0.02248586
0.88472657 0.02266553
0.88373057 0.02284494
0.88273453 0.02302409
0.88173845 0.02320297
0.88074234 0.02338159
0.87974619 0.02355995
0.87875001 0.02373804
0.87775379 0.02391588
0.87675754 0.02409345
0.87576125 0.02427075
0.87476492 0.02444780
0.87376856 0.02462458
0.87277217 0.02480110
0.87177573 0.02497736
0.87077927 0.02515336
0.86978276 0.02532910
0.86878623 0.02550458
0.86778965 0.02567979
0.86679304 0.02585475
0.86579640 0.02602944
0.86479972 0.02620388
0.86380301 0.02637805
0.86280626 0.02655197
0.86180948 0.02672562
0.86081266 0.02689901
0.85981581 0.02707215
0.85881892 0.02724503
0.85782200 0.02741764
0.85682504 0.02759000
0.85582805 0.02776210
0.85483102 0.02793394
0.85383396 0.02810552
0.85283687 0.02827684
0.85183974 0.02844791
0.85084258 0.02861872
0.84984538 0.02878926
0.84884815 0.02895955
0.84785089 0.02912959
0.84685359 0.02929936
0.84585625 0.02946888
0.84485889 0.02963814
0.84386149 0.02980714
0.84286405 0.02997589
0.84186658 0.03014438
0.84086908 0.03031261
0.83987155 0.03048058
0.83887398 0.03064830
0.83787637 0.03081576
0.83687874 0.03098297
0.83588107 0.03114992
0.83488337 0.03131661
0.83388563 0.03148305
0.83288786 0.03164923
0.83189006 0.03181516
0.83089222 0.03198083
0.82989435 0.03214624
0.82889645 0.03231140
0.82789852 0.03247630
0.82690055 0.03264095
0.82590255 0.03280534
0.82490451 0.03296948
0.82390645 0.03313336
0.82290835 0.03329699
0.82191022 0.03346036
0.82091205 0.03362347
0.81991386 0.03378634
0.81891563 0.03394894
0.81791737 0.03411130
0.81691907 0.03427340
0.81592075 0.03443524
0.81492239 0.03459683
0.81392400 0.03475817
0.81292557 0.03491925
0.81192712 0.03508007
0.81092863 0.03524065
0.80993011 0.03540097
0.80893156 0.03556103
0.80793298 0.03572084
0.80693436 0.03588040
0.80593571 0.03603971
0.80493703 0.03619876
0.80393832 0.03635755
0.80293958 0.03651610
0.80194081 0.03667439
0.80094200 0.03683242
0.79994316 0.03699020
0.79894430 0.03714773
0.79794540 0.03730501
0.79694646 0.03746203
0.79594750 0.03761880
0.79494851 0.03777532
0.79394948 0.03793158
0.79295043 0.03808759
0.79195134 0.03824335
0.79095222 0.03839885
0.78995307 0.03855410
0.78895389 0.03870910
0.78795468 0.03886384
0.78695543 0.03901833
0.78595616 0.03917257
0.78495685 0.03932656
0.78395752 0.03948029
0.78295815 0.03963377
0.78195876 0.03978700
0.78095933 0.03993997
0.77995987 0.04009269
0.77896038 0.04024516
0.77796086 0.04039738
0.77696131 0.04054934
0.77596174 0.04070105
0.77496213 0.04085251
0.77396248 0.04100371
0.77296281 0.04115466
0.77196311 0.04130536
0.77096338 0.04145581
0.76996362 0.04160600
0.76896383 0.04175594
0.76796401 0.04190563
0.76696416 0.04205506
0.76596428 0.04220424
0.76496437 0.04235317
0.76396443 0.04250184
0.76296446 0.04265027
0.76196445 0.04279843
0.76096443 0.04294635
0.75996437 0.04309401
0.75896428 0.04324142
0.75796416 0.04338858
0.75696401 0.04353548
0.75596383 0.04368213
0.75496362 0.04382853
0.75396339 0.04397468
0.75296312 0.04412057
0.75196283 0.04426620
0.75096250 0.04441159
0.74996215 0.04455672
0.74896177 0.04470160
0.74796136 0.04484622
0.74696092 0.04499059
0.74596045 0.04513470
0.74495995 0.04527857
0.74395942 0.04542218
0.74295886 0.04556553
0.74195828 0.04570863
0.74095766 0.04585148
0.73995702 0.04599407
0.73895635 0.04613641
0.73795565 0.04627850
0.73695492 0.04642033
0.73595416 0.04656190
0.73495338 0.04670322
0.73395256 0.04684429
0.73295172 0.04698510
0.73195085 0.04712566
0.73094995 0.04726597
0.72994902 0.04740601
0.72894807 0.04754581
0.72794708 0.04768535
0.72694607 0.04782463
0.72594503 0.04796366
0.72494396 0.04810243
0.72394287 0.04824095
0.72294174 0.04837921
0.72194059 0.04851722
0.72093941 0.04865497
0.71993820 0.04879247
0.71893697 0.04892971
0.71793570 0.04906669
0.71693441 0.04920342
0.71593309 0.04933989
0.71493175 0.04947610
0.71393037 0.04961206
0.71292897 0.04974776
0.71192754 0.04988321
0.71092609 0.05001840
0.70992460 0.05015333
0.70892309 0.05028800
0.70792155 0.05042242
0.70691999 0.05055658
0.70591840 0.05069048
0.70491678 0.05082413
0.70391513 0.05095751
0.70291345 0.05109064
0.70191175 0.05122351
0.70091002 0.05135613
0.69990827 0.05148848
0.69890649 0.05162058
0.69790468 0.05175242
0.69690284 0.05188399
0.69590098 0.05201531
0.69489909 0.05214637
0.69389717 0.05227718
0.69289523 0.05240772
0.69189326 0.05253800
0.69089127 0.05266802
0.68988924 0.05279779
0.68888720 0.05292729
0.68788512 0.05305653
0.68688302 0.05318551
0.68588089 0.05331423
0.68487874 0.05344269
0.68387656 0.05357089
0.68287435 0.05369883
0.68187212 0.05382651
0.68086986 0.05395392
0.67986757 0.05408108
0.67886526 0.05420797
0.67786292 0.05433460
0.67686056 0.05446097
0.67585817 0.05458707
0.67485576 0.05471291
0.67385332 0.05483849
0.67285085 0.05496381
0.67184836 0.05508886
0.67084584 0.05521365
0.66984330 0.05533818
0.66884073 0.05546244
0.66783813 0.05558644
0.66683552 0.05571017
0.66583287 0.05583364
0.66483020 0.05595684
0.66382750 0.05607978
0.66282478 0.05620245
0.66182204 0.05632486
0.66081926 0.05644700
0.65981647 0.05656888
0.65881364 0.05669049
0.65781080 0.05681183
0.65680792 0.05693291
0.65580503 0.05705372
0.65480210 0.05717426
0.65379916 0.05729454
0.65279619 0.05741455
0.65179319 0.05753429
0.65079017 0.05765376
0.64978712 0.05777296
0.64878405 0.05789190
0.64778095 0.05801056
0.64677783 0.05812896
0.64577469 0.05824709
0.64477152 0.05836494
0.64376833 0.05848253
0.64276511 0.05859985
0.64176187 0.05871689
0.64075860 0.05883367
0.63975531 0.05895018
0.63875199 0.05906641
0.63774865 0.05918237
0.63674529 0.05929806
0.63574190 0.05941348
0.63473849 0.05952862
0.63373505 0.05964349
0.63273159 0.05975809
0.63172811 0.05987242
0.63072460 0.05998647
0.62972107 0.06010025
0.62871752 0.06021375
0.62771394 0.06032698
0.62671034 0.06043994
0.62570671 0.06055262
0.62470306 0.06066502
0.62369939 0.06077715
0.62269569 0.06088900
0.62169197 0.06100057
0.62068823 0.06111187
0.61968446 0.06122289
0.61868067 0.06133364
0.61767686 0.06144410
0.61667302 0.06155429
0.61566916 0.06166420
0.61466528 0.06177383
0.61366137 0.06188318
0.61265744 0.06199225
0.61165349 0.06210105
0.61064952 0.06220956
0.60964552 0.06231779
0.60864150 0.06242574
0.60763746 0.06253341
0.60663339 0.06264080
0.60562930 0.06274790
0.60462519 0.06285473
0.60362106 0.06296127
0.60261690 0.06306753
0.60161272 0.06317350
0.60060852 0.06327919
0.59960430 0.06338460
0.59860005 0.06348972
0.59759578 0.06359456
0.59659149 0.06369911
0.59558718 0.06380338
0.59458285 0.06390736
0.59357849 0.06401105
0.59257411 0.06411446
0.59156971 0.06421758
0.59056529 0.06432041
0.58956084 0.06442296
0.58855638 0.06452521
0.58755189 0.06462718
0.58654738 0.06472886
0.58554285 0.06483025
0.58453829 0.06493134
0.58353372 0.06503215
0.58252912 0.06513267
0.58152451 0.06523289
0.58051987 0.06533283
0.57951521 0.06543247
0.57851052 0.06553182
0.57750582 0.06563088
0.57650110 0.06572964
0.57549635 0.06582811
0.57449159 0.06592628
0.57348680 0.06602416
0.57248199 0.06612175
0.57147716 0.06621904
0.57047231 0.06631603
0.56946744 0.06641273
0.56846255 0.06650913
0.56745763 0.06660523
0.56645270 0.06670104
0.56544775 0.06679654
0.56444277 0.06689175
0.56343778 0.06698666
0.56243276 0.06708127
0.56142773 0.06717558
0.56042267 0.06726958
0.55941759 0.06736329
0.55841250 0.06745670
0.55740738 0.06754980
0.55640224 0.06764260
0.55539709 0.06773510
0.55439191 0.06782729
0.55338671 0.06791918
0.55238149 0.06801076
0.55137626 0.06810204
0.55037100 0.06819302
0.54936572 0.06828369
0.54836043 0.06837405
0.54735511 0.06846410
0.54634978 0.06855385
0.54534442 0.06864329
0.54433905 0.06873242
0.54333365 0.06882124
0.54232824 0.06890975
0.54132281 0.06899795
0.54031736 0.06908584
0.53931189 0.06917342
0.53830640 0.06926069
0.53730089 0.06934764
0.53629536 0.06943428
0.53528981 0.06952061
0.53428425 0.06960663
0.53327866 0.06969232
0.53227306 0.06977771
0.53126744 0.06986278
0.53026180 0.06994753
0.52925614 0.07003197
0.52825046 0.07011608
0.52724477 0.07019988
0.52623905 0.07028337
0.52523332 0.07036653
0.52422757 0.07044937
0.52322180 0.07053190
0.52221601 0.07061410
0.52121020 0.07069598
0.52020438 0.07077754
0.51919854 0.07085877
0.51819268 0.07093968
0.51718680 0.07102027
0.51618091 0.07110054
0.51517500 0.07118048
0.51416907 0.07126009
0.51316312 0.07133938
0.51215715 0.07141834
0.51115117 0.07149697
0.51014517 0.07157528
0.50913915 0.07165325
0.50813312 0.07173090
0.50712707 0.07180821
0.50612100 0.07188520
0.50511491 0.07196186
0.50410881 0.07203818
0.50310269 0.07211417
0.50209655 0.07218982
0.50109040 0.07226515
0.50008423 0.07234014
0.49907804 0.07241479
0.49807184 0.07248911
0.49706562 0.07256309
0.49605938 0.07263673
0.49505313 0.07271004
0.49404686 0.07278300
0.49304057 0.07285563
0.49203427 0.07292792
0.49102795 0.07299987
0.49002162 0.07307147
0.48901527 0.07314274
0.48800890 0.07321366
0.48700252 0.07328424
0.48599612 0.07335447
0.48498971 0.07342436
0.48398328 0.07349390
0.48297684 0.07356310
0.48197038 0.07363195
0.48096390 0.07370045
0.47995741 0.07376860
0.47895091 0.07383641
0.47794439 0.07390386
0.47693785 0.07397097
0.47593130 0.07403772
0.47492473 0.07410412
0.47391815 0.07417017
0.47291156 0.07423586
0.47190495 0.07430120
0.47089832 0.07436619
0.46989168 0.07443082
0.46888503 0.07449509
0.46787836 0.07455900
0.46687168 0.07462256
0.46586498 0.07468576
0.46485827 0.07474860
0.46385154 0.07481107
0.46284480 0.07487319
0.46183805 0.07493494
0.46083128 0.07499633
0.45982450 0.07505736
0.45881770 0.07511802
0.45781090 0.07517832
0.45680407 0.07523825
0.45579724 0.07529781
0.45479039 0.07535701
0.45378353 0.07541584
0.45277665 0.07547430
0.45176976 0.07553238
0.45076286 0.07559010
0.44975594 0.07564744
0.44874902 0.07570441
0.44774208 0.07576101
0.44673512 0.07581723
0.44572816 0.07587308
0.44472118 0.07592855
0.44371419 0.07598365
0.44270718 0.07603836
0.44170017 0.07609270
0.44069314 0.07614666
0.43968610 0.07620023
0.43867904 0.07625343
0.43767198 0.07630624
0.43666490 0.07635867
0.43565781 0.07641071
0.43465071 0.07646237
0.43364360 0.07651365
0.43263648 0.07656453
0.43162934 0.07661503
0.43062220 0.07666514
0.42961504 0.07671486
0.42860787 0.07676419
0.42760069 0.07681313
0.42659350 0.07686167
0.42558630 0.07690982
0.42457909 0.07695758
0.42357186 0.07700494
0.42256463 0.07705190
0.42155739 0.07709847
0.42055013 0.07714464
0.41954287 0.07719041
0.41853559 0.07723577
0.41752830 0.07728074
0.41652101 0.07732530
0.41551370 0.07736947
0.41450639 0.07741322
0.41349906 0.07745657
0.41249173 0.07749952
0.41148438 0.07754206
0.41047703 0.07758418
0.40946966 0.07762590
0.40846229 0.07766721
0.40745491 0.07770811
0.40644751 0.07774859
0.40544011 0.07778866
0.40443270 0.07782832
0.40342529 0.07786756
0.40241786 0.07790638
0.40141042 0.07794479
0.40040298 0.07798278
0.39939069 0.07802032
0.39837515 0.07805730
0.39735960 0.07809373
0.39634403 0.07812959
0.39532844 0.07816488
0.39431283 0.07819960
0.39329720 0.07823376
0.39228156 0.07826734
0.39126590 0.07830036
0.39025022 0.07833280
0.38923453 0.07836467
0.38821882 0.07839596
0.38720310 0.07842668
0.38618736 0.07845682
0.38517160 0.07848638
0.38415583 0.07851537
0.38314004 0.07854377
0.38212424 0.07857159
0.38110842 0.07859883
0.38009259 0.07862548
0.37907675 0.07865155
0.37806089 0.07867704
0.37704502 0.07870193
0.37602913 0.07872624
0.37501323 0.07874995
0.37399732 0.07877308
0.37298140 0.07879561
0.37196547 0.07881755
0.37094952 0.07883889
0.36993356 0.07885963
0.36891759 0.07887978
0.36790161 0.07889933
0.36688562 0.07891828
0.36586961 0.07893663
0.36485360 0.07895437
0.36383758 0.07897151
0.36282155 0.07898805
0.36180550 0.07900398
0.36078945 0.07901930
0.35977339 0.07903401
0.35875732 0.07904811
0.35774125 0.07906159
0.35672516 0.07907447
0.35570907 0.07908673
0.35469297 0.07909837
0.35367686 0.07910939
0.35266075 0.07911980
0.35164463 0.07912958
0.35062850 0.07913875
0.34961237 0.07914729
0.34859623 0.07915520
0.34758008 0.07916249
0.34656393 0.07916915
0.34554778 0.07917519
0.34453162 0.07918059
0.34351546 0.07918536
0.34249929 0.07918949
0.34148312 0.07919300
0.34046695 0.07919586
0.33945077 0.07919809
0.33843459 0.07919968
0.33741841 0.07920062
0.33640223 0.07920093
0.33538604 0.07920059
0.33436985 0.07919961
0.33335367 0.07919797
0.33233748 0.07919569
0.33132129 0.07919276
0.33030510 0.07918918
0.32928891 0.07918495
0.32827273 0.07918006
0.32725654 0.07917451
0.32624035 0.07916830
0.32522417 0.07916144
0.32420799 0.07915391
0.32319181 0.07914572
0.32217563 0.07913687
0.32115946 0.07912735
0.32014329 0.07911716
0.31912712 0.07910631
0.31811096 0.07909478
0.31709480 0.07908257
0.31607864 0.07906970
0.31506249 0.07905614
0.31404635 0.07904191
0.31303021 0.07902700
0.31201408 0.07901141
0.31099796 0.07899513
0.30998184 0.07897817
0.30896573 0.07896052
0.30794962 0.07894218
0.30693353 0.07892315
0.30591744 0.07890343
0.30490136 0.07888302
0.30388529 0.07886191
0.30286923 0.07884010
0.30185318 0.07881759
0.30083714 0.07879438
0.29982111 0.07877046
0.29880510 0.07874584
0.29778909 0.07872051
0.29677309 0.07869448
0.29575711 0.07866773
0.29474114 0.07864027
0.29372518 0.07861209
0.29270924 0.07858319
0.29169331 0.07855358
0.29067739 0.07852325
0.28966149 0.07849219
0.28864561 0.07846040
0.28762974 0.07842789
0.28661388 0.07839465
0.28559804 0.07836068
0.28458222 0.07832597
0.28356642 0.07829053
0.28255063 0.07825435
0.28153486 0.07821744
0.28051911 0.07817977
0.27950338 0.07814137
0.27848766 0.07810222
0.27747197 0.07806232
0.27645630 0.07802167
0.27544064 0.07798026
0.27442501 0.07793810
0.27340940 0.07789518
0.27239381 0.07785151
0.27137825 0.07780707
0.27036271 0.07776186
0.26934719 0.07771589
0.26833169 0.07766915
0.26731622 0.07762164
0.26630077 0.07757336
0.26528535 0.07752429
0.26426995 0.07747445
0.26325458 0.07742383
0.26223924 0.07737243
0.26122393 0.07732024
0.26020864 0.07726726
0.25919338 0.07721349
0.25817814 0.07715892
0.25716294 0.07710356
0.25614777 0.07704740
0.25513263 0.07699044
0.25411751 0.07693268
0.25310243 0.07687411
0.25208738 0.07681473
0.25107236 0.07675454
0.25005738 0.07669353
0.24904243 0.07663171
0.24802751 0.07656906
0.24701262 0.07650560
0.24599777 0.07644130
0.24498296 0.07637618
0.24396818 0.07631023
0.24295344 0.07624345
0.24193874 0.07617583
0.24092407 0.07610736
0.23990944 0.07603806
0.23889485 0.07596791
0.23788030 0.07589691
0.23686578 0.07582506
0.23585131 0.07575236
0.23483688 0.07567879
0.23382249 0.07560437
0.23280815 0.07552908
0.23179384 0.07545293
0.23077958 0.07537591
0.22976536 0.07529801
0.22875119 0.07521924
0.22773706 0.07513958
0.22672298 0.07505905
0.22570895 0.07497762
0.22469496 0.07489531
0.22368102 0.07481210
0.22266712 0.07472800
0.22165328 0.07464300
0.22063948 0.07455709
0.21962574 0.07447028
0.21861204 0.07438256
0.21759840 0.07429392
0.21658481 0.07420437
0.21557127 0.07411390
0.21455779 0.07402250
0.21354436 0.07393017
0.21253098 0.07383691
0.21151766 0.07374271
0.21050440 0.07364758
0.20949119 0.07355150
0.20847804 0.07345447
0.20746495 0.07335649
0.20645192 0.07325756
0.20543894 0.07315767
0.20442603 0.07305681
0.20341318 0.07295499
0.20240039 0.07285219
0.20138766 0.07274842
0.20037500 0.07264367
0.19936240 0.07253793
0.19834986 0.07243121
0.19733739 0.07232349
0.19632499 0.07221478
0.19531266 0.07210506
0.19430039 0.07199434
0.19328819 0.07188261
0.19227606 0.07176986
0.19126400 0.07165609
0.19025202 0.07154130
0.18924010 0.07142548
0.18822826 0.07130862
0.18721649 0.07119073
0.18620480 0.07107179
0.18519318 0.07095180
0.18418164 0.07083076
0.18317017 0.07070866
0.18215878 0.07058549
0.18114748 0.07046126
0.18013625 0.07033595
0.17912510 0.07020956
0.17811404 0.07008208
0.17710305 0.06995352
0.17609215 0.06982386
0.17508134 0.06969309
0.17407061 0.06956122
0.17305997 0.06942824
0.17204941 0.06929413
0.17103895 0.06915890
0.17002857 0.06902254
0.16901828 0.06888504
0.16800809 0.06874640
0.16699798 0.06860661
0.16598797 0.06846567
0.16497806 0.06832356
0.16396824 0.06818028
0.16295851 0.06803583
0.16194889 0.06789020
0.16093936 0.06774338
0.15992994 0.06759536
0.15892061 0.06744614
0.15791139 0.06729571
0.15690227 0.06714407
0.15589325 0.06699120
0.15488434 0.06683711
0.15387554 0.06668177
0.15286684 0.06652519
0.15185826 0.06636736
0.15084978 0.06620826
0.14984142 0.06604790
0.14883317 0.06588626
0.14782503 0.06572333
0.14681701 0.06555912
0.14580911 0.06539360
0.14480132 0.06522677
0.14379366 0.06505862
0.14278611 0.06488915
0.14177869 0.06471834
0.14077139 0.06454619
0.13976422 0.06437268
0.13875717 0.06419781
0.13775025 0.06402156
0.13674346 0.06384394
0.13573680 0.06366492
0.13473027 0.06348450
0.13372388 0.06330267
0.13271762 0.06311941
0.13171150 0.06293473
0.13070552 0.06274860
0.12969967 0.06256101
0.12869397 0.06237196
0.12768842 0.06218144
0.12668301 0.06198942
0.12567774 0.06179591
0.12467262 0.06160089
0.12366766 0.06140434
0.12266285 0.06120626
0.12165819 0.06100663
0.12065368 0.06080544
0.11964934 0.06060267
0.11864515 0.06039832
0.11764113 0.06019237
0.11663727 0.05998481
0.11563357 0.05977562
0.11463004 0.05956478
0.11362669 0.05935229
0.11262350 0.05913813
0.11162049 0.05892229
0.11061765 0.05870474
0.10961500 0.05848547
0.10861252 0.05826447
0.10761022 0.05804172
0.10660812 0.05781720
0.10560619 0.05759090
0.10460446 0.05736279
0.10360293 0.05713287
0.10260158 0.05690111
0.10160044 0.05666749
0.10059949 0.05643199
0.09959875 0.05619460
0.09859821 0.05595530
0.09759788 0.05571406
0.09659777 0.05547086
0.09559787 0.05522568
0.09459818 0.05497850
0.09359871 0.05472930
0.09259947 0.05447805
0.09160046 0.05422473
0.09060167 0.05396931
0.08960312 0.05371178
0.08860480 0.05345209
0.08760673 0.05319024
0.08660889 0.05292619
0.08561131 0.05265991
0.08461397 0.05239138
0.08361689 0.05212056
0.08262007 0.05184742
0.08162351 0.05157194
0.08062722 0.05129408
0.07963120 0.05101381
0.07863545 0.05073110
0.07763998 0.05044591
0.07664480 0.05015820
0.07564990 0.04986794
0.07465530 0.04957509
0.07366100 0.04927961
0.07266700 0.04898146
0.07167330 0.04868060
0.07067993 0.04837698
0.06968687 0.04807056
0.06869414 0.04776130
0.06770174 0.04744914
0.06670967 0.04713404
0.06571795 0.04681594
0.06472658 0.04649480
0.06373557 0.04617055
0.06274492 0.04584315
0.06175464 0.04551252
0.06076473 0.04517862
0.05977522 0.04484137
0.05878609 0.04450071
0.05779737 0.04415657
0.05680906 0.04380888
0.05582117 0.04345757
0.05483371 0.04310255
0.05384668 0.04274375
0.05286011 0.04238108
0.05187399 0.04201445
0.05088834 0.04164378
0.04990317 0.04126895
0.04891849 0.04088988
0.04793432 0.04050645
0.04695066 0.04011856
0.04596753 0.03972609
0.04498495 0.03932891
0.04400293 0.03892690
0.04302148 0.03851991
0.04204062 0.03810782
0.04106037 0.03769046
0.04008075 0.03726767
0.03910177 0.03683929
0.03812346 0.03640514
0.03714583 0.03596502
0.03616892 0.03551874
0.03519273 0.03506607
0.03421731 0.03460679
0.03324267 0.03414066
0.03226884 0.03366741
0.03129586 0.03318675
0.03032376 0.03269840
0.02935257 0.03220202
0.02838234 0.03169727
0.02741310 0.03118376
0.02644489 0.03066108
0.02547777 0.03012880
0.02451179 0.02958641
0.02354700 0.02903340
0.02258347 0.02846918
0.02162127 0.02789310
0.02066047 0.02730445
0.01970115 0.02670246
0.01874342 0.02608623
0.01778736 0.02545479
0.01683311 0.02480703
0.01588078 0.02414169
0.01493054 0.02345734
0.01398255 0.02275233
0.01303702 0.02202475
0.01209417 0.02127237
0.01115427 0.02049254
0.01021767 0.01968212
0.00928475 0.01883725
0.00835599 0.01795322
0.00743201 0.01702409
0.00651360 0.01604219
0.00560178 0.01499739
0.00469798 0.01387577
0.00380423 0.01265729
0.00292365 0.01131118
0.00206148 0.00978565
0.00122789 0.00797974
0.00044911 0.00563273
0.00000000 0.00000000
0.00155289 -0.00543278
0.00277611 -0.00758034
0.00394453 -0.00918731
0.00508436 -0.01051438
0.00620578 -0.01166255
0.00731403 -0.01268359
0.00841223 -0.01360826
0.00950242 -0.01445662
0.01058601 -0.01524258
0.01166403 -0.01597627
0.01273728 -0.01666536
0.01380635 -0.01731579
0.01487175 -0.01793228
0.01593386 -0.01851867
0.01699301 -0.01907811
0.01804948 -0.01961326
0.01910349 -0.02012633
0.02015525 -0.02061925
0.02120493 -0.02109366
0.02225268 -0.02155099
0.02329862 -0.02199250
0.02434289 -0.02241929
0.02538558 -0.02283236
0.02642678 -0.02323258
0.02746658 -0.02362073
0.02850505 -0.02399753
0.02954227 -0.02436362
0.03057829 -0.02471958
0.03161317 -0.02506595
0.03264696 -0.02540320
0.03367972 -0.02573179
0.03471149 -0.02605213
0.03574230 -0.02636459
0.03677220 -0.02666953
0.03780123 -0.02696726
0.03882940 -0.02725810
0.03985677 -0.02754232
0.04088334 -0.02782018
0.04190916 -0.02809194
0.04293425 -0.02835781
0.04395862 -0.02861802
0.04498231 -0.02887277
0.04600534 -0.02912224
0.04702771 -0.02936662
0.04804947 -0.02960607
0.04907061 -0.02984077
0.05009117 -0.03007084
0.05111115 -0.03029645
0.05213057 -0.03051773
0.05314944 -0.03073480
0.05416779 -0.03094780
0.05518561 -0.03115682
0.05620294 -0.03136200
0.05721977 -0.03156342
0.05823612 -0.03176121
0.05925201 -0.03195544
0.06026743 -0.03214622
0.06128241 -0.03233363
0.06229695 -0.03251775
0.06331106 -0.03269867
0.06432475 -0.03287647
0.06533803 -0.03305122
0.06635091 -0.03322299
0.06736339 -0.03339186
0.06837549 -0.03355788
0.06938722 -0.03372112
0.07039857 -0.03388164
0.07140956 -0.03403950
0.07242019 -0.03419476
0.07343047 -0.03434748
0.07444041 -0.03449770
0.07545001 -0.03464548
0.07645928 -0.03479087
0.07746822 -0.03493391
0.07847685 -0.03507465
0.07948516 -0.03521314
0.08049316 -0.03534941
0.08150086 -0.03548352
0.08250826 -0.03561550
0.08351536 -0.03574539
0.08452218 -0.03587323
0.08552872 -0.03599905
0.08653497 -0.03612290
0.08754095 -0.03624480
0.08854666 -0.03636479
0.08955210 -0.03648291
0.09055728 -0.03659918
0.09156220 -0.03671364
0.09256687 -0.03682631
0.09357129 -0.03693723
0.09457545 -0.03704642
0.09557938 -0.03715391
0.09658307 -0.03725974
0.09758652 -0.03736392
0.09858973 -0.03746648
0.09959272 -0.03756744
0.10059548 -0.03766684
0.10159802 -0.03776469
0.10260033 -0.03786102
0.10360243 -0.03795584
0.10460432 -0.03804919
0.10560599 -0.03814109
0.10660746 -0.03823155
0.10760872 -0.03832059
0.10860977 -0.03840824
0.10961063 -0.03849451
0.11061129 -0.03857943
0.11161175 -0.03866301
0.11261202 -0.03874528
0.11361210 -0.03882624
0.11461200 -0.03890592
0.11561171 -0.03898433
0.11661123 -0.03906149
0.11761058 -0.03913742
0.11860974 -0.03921214
0.11960873 -0.03928565
0.12060755 -0.03935798
0.12160619 -0.03942913
0.12260467 -0.03949914
0.12360297 -0.03956800
0.12460111 -0.03963573
0.12559909 -0.03970235
0.12659691 -0.03976787
0.12759456 -0.03983231
0.12859206 -0.03989568
0.12958941 -0.03995798
0.13058660 -0.04001924
0.13158363 -0.04007946
0.13258052 -0.04013867
0.13357725 -0.04019686
0.13457385 -0.04025405
0.13557029 -0.04031026
0.13656659 -0.04036549
0.13756275 -0.04041976
0.13855877 -0.04047307
0.13955465 -0.04052545
0.14055040 -0.04057689
0.14154601 -0.04062741
0.14254148 -0.04067702
0.14353682 -0.04072572
0.14453203 -0.04077354
0.14552712 -0.04082048
0.14652207 -0.04086654
0.14751690 -0.04091174
0.14851160 -0.04095609
0.14950618 -0.04099960
0.15050064 -0.04104227
0.15149497 -0.04108411
0.15248919 -0.04112514
0.15348329 -0.04116535
0.15447727 -0.04120477
0.15547113 -0.04124340
0.15646489 -0.04128124
0.15745852 -0.04131831
0.15845205 -0.04135461
0.15944547 -0.04139015
0.16043877 -0.04142493
0.16143197 -0.04145898
0.16242507 -0.04149228
0.16341805 -0.04152486
0.16441093 -0.04155671
0.16540371 -0.04158785
0.16639639 -0.04161828
0.16738897 -0.04164801
0.16838144 -0.04167705
0.16937382 -0.04170540
0.17036610 -0.04173306
0.17135828 -0.04176006
0.17235037 -0.04178638
0.17334236 -0.04181205
0.17433426 -0.04183706
0.17532606 -0.04186142
0.17631778 -0.04188514
0.17730940 -0.04190823
0.17830094 -0.04193068
0.17929238 -0.04195251
0.18028374 -0.04197372
0.18127502 -0.04199432
0.18226620 -0.04201432
0.18325731 -0.04203371
0.18424833 -0.04205250
0.18523926 -0.04207071
0.18623012 -0.04208833
0.18722089 -0.04210537
0.18821159 -0.04212184
0.18920220 -0.04213775
0.19019274 -0.04215308
0.19118320 -0.04216786
0.19217358 -0.04218209
0.19316389 -0.04219577
0.19415412 -0.04220890
0.19514428 -0.04222150
0.19613437 -0.04223357
0.19712439 -0.04224510
0.19811433 -0.04225611
0.19910420 -0.04226661
0.20009401 -0.04227659
0.20108374 -0.04228606
0.20207341 -0.04229502
0.20306301 -0.04230348
0.20405254 -0.04231145
0.20504201 -0.04231893
0.20603141 -0.04232591
0.20702075 -0.04233242
0.20801002 -0.04233844
0.20899923 -0.04234400
0.20998839 -0.04234908
0.21097747 -0.04235369
0.21196650 -0.04235784
0.21295547 -0.04236153
0.21394438 -0.04236477
0.21493324 -0.04236756
0.21592203 -0.04236990
0.21691077 -0.04237180
0.21789945 -0.04237326
0.21888808 -0.04237429
0.21987665 -0.04237488
0.22086516 -0.04237505
0.22185363 -0.04237479
0.22284204 -0.04237412
0.22383040 -0.04237302
0.22481871 -0.04237152
0.22580696 -0.04236960
0.22679517 -0.04236728
0.22778333 -0.04236456
0.22877144 -0.04236143
0.22975950 -0.04235792
0.23074751 -0.04235401
0.23173548 -0.04234971
0.23272340 -0.04234503
0.23371127 -0.04233996
0.23469910 -0.04233452
0.23568689 -0.04232870
0.23667463 -0.04232250
0.23766232 -0.04231594
0.23864998 -0.04230901
0.23963759 -0.04230172
0.24062516 -0.04229407
0.24161269 -0.04228607
0.24260018 -0.04227771
0.24358763 -0.04226900
0.24457505 -0.04225994
0.24556242 -0.04225053
0.24654975 -0.04224079
0.24753705 -0.04223071
0.24852431 -0.04222029
0.24951153 -0.04220954
0.25049872 -0.04219845
0.25148587 -0.04218704
0.25247299 -0.04217531
0.25346008 -0.04216325
0.25444713 -0.04215088
0.25543414 -0.04213819
0.25642113 -0.04212518
0.25740808 -0.04211187
0.25839500 -0.04209824
0.25938189 -0.04208431
0.26036875 -0.04207008
0.26135558 -0.04205555
0.26234238 -0.04204072
0.26332915 -0.04202560
0.26431589 -0.04201018
0.26530260 -0.04199447
0.26628929 -0.04197847
0.26727595 -0.04196219
0.26826258 -0.04194563
0.26924918 -0.04192879
0.27023576 -0.04191167
0.27122232 -0.04189427
0.27220885 -0.04187660
0.27319536 -0.04185866
0.27418184 -0.04184046
0.27516830 -0.04182198
0.27615473 -0.04180325
0.27714115 -0.04178425
0.27812754 -0.04176499
0.27911391 -0.04174548
0.28010026 -0.04172571
0.28108659 -0.04170569
0.28207290 -0.04168542
0.28305919 -0.04166490
0.28404546 -0.04164414
0.28503171 -0.04162313
0.28601794 -0.04160189
0.28700416 -0.04158040
0.28799035 -0.04155868
0.28897653 -0.04153672
0.28996270 -0.04151453
0.29094884 -0.04149211
0.29193497 -0.04146946
0.29292109 -0.04144658
0.29390719 -0.04142348
0.29489328 -0.04140016
0.29587935 -0.04137662
0.29686541 -0.04135286
0.29785145 -0.04132888
0.29883748 -0.04130469
0.29982350 -0.04128028
0.30080951 -0.04125567
0.30179551 -0.04123085
0.30278149 -0.04120582
0.30376746 -0.04118059
0.30475342 -0.04115515
0.30573938 -0.04112951
0.30672532 -0.04110368
0.30771125 -0.04107764
0.30869717 -0.04105142
0.30968309 -0.04102500
0.31066900 -0.04099838
0.31165489 -0.04097158
0.31264079 -0.04094459
0.31362667 -0.04091741
0.31461255 -0.04089005
0.31559842 -0.04086251
0.31658428 -0.04083479
0.31757014 -0.04080688
0.31855599 -0.04077880
0.31954184 -0.04075055
0.32052768 -0.04072212
0.32151352 -0.04069352
0.32249936 -0.04066475
0.32348519 -0.04063581
0.32447102 -0.04060670
0.32545684 -0.04057743
0.32644266 -0.04054799
0.32742848 -0.04051839
0.32841430 -0.04048863
0.32940012 -0.04045872
0.33038593 -0.04042864
0.33137175 -0.04039841
0.33235756 -0.04036803
0.33334337 -0.04033749
0.33432919 -0.04030680
0.33531500 -0.04027597
0.33630082 -0.04024499
0.33728663 -0.04021386
0.33827245 -0.04018258
0.33925827 -0.04015116
0.34024409 -0.04011961
0.34122991 -0.04008791
0.34221574 -0.04005607
0.34320156 -0.04002410
0.34418740 -0.03999199
0.34517323 -0.03995975
0.34615907 -0.03992737
0.34714491 -0.03989486
0.34813076 -0.03986223
0.34911661 -0.03982947
0.35010247 -0.03979657
0.35108834 -0.03976356
0.35207420 -0.03973042
0.35306008 -0.03969716
0.35404596 -0.03966378
0.35503185 -0.03963027
0.35601774 -0.03959665
0.35700364 -0.03956292
0.35798955 -0.03952907
0.35897547 -0.03949510
0.35996140 -0.03946102
0.36094733 -0.03942683
0.36193327 -0.03939253
0.36291922 -0.03935812
0.36390518 -0.03932361
0.36489115 -0.03928899
0.36587713 -0.03925426
0.36686312 -0.03921943
0.36784912 -0.03918450
0.36883513 -0.03914947
0.36982115 -0.03911434
0.37080718 -0.03907911
0.37179322 -0.03904379
0.37277928 -0.03900837
0.37376535 -0.03897285
0.37475142 -0.03893724
0.37573752 -0.03890154
0.37672362 -0.03886576
0.37770974 -0.03882988
0.37869587 -0.03879391
0.37968201 -0.03875786
0.38066817 -0.03872172
0.38165434 -0.03868549
0.38264053 -0.03864919
0.38362673 -0.03861280
0.38461294 -0.03857633
0.38559917 -0.03853978
0.38658542 -0.03850315
0.38757168 -0.03846645
0.38855796 -0.03842967
0.38954425 -0.03839281
0.39053056 -0.03835589
0.39151688 -0.03831888
0.39250322 -0.03828181
0.39348958 -0.03824467
0.39447596 -0.03820746
0.39546236 -0.03817018
0.39644877 -0.03813283
0.39743520 -0.03809542
0.39842164 -0.03805795
0.39940811 -0.03802041
0.40039782 -0.03798279
0.40139238 -0.03794501
0.40238695 -0.03790703
0.40338152 -0.03786885
0.40437610 -0.03783048
0.40537070 -0.03779191
0.40636530 -0.03775315
0.40735991 -0.03771421
0.40835453 -0.03767507
0.40934916 -0.03763574
0.41034380 -0.03759623
0.41133844 -0.03755652
0.41233310 -0.03751664
0.41332777 -0.03747656
0.41432244 -0.03743631
0.41531713 -0.03739587
0.41631183 -0.03735525
0.41730653 -0.03731445
0.41830125 -0.03727347
0.41929597 -0.03723231
0.42029071 -0.03719097
0.42128546 -0.03714945
0.42228021 -0.03710776
0.42327498 -0.03706590
0.42426976 -0.03702386
0.42526455 -0.03698165
0.42625935 -0.03693927
0.42725416 -0.03689671
0.42824898 -0.03685399
0.42924382 -0.03681109
0.43023866 -0.03676803
0.43123352 -0.03672480
0.43222839 -0.03668141
0.43322326 -0.03663785
0.43421815 -0.03659412
0.43521306 -0.03655023
0.43620797 -0.03650618
0.43720290 -0.03646197
0.43819783 -0.03641760
0.43919278 -0.03637306
0.44018774 -0.03632837
0.44118272 -0.03628352
0.44217770 -0.03623851
0.44317270 -0.03619335
0.44416771 -0.03614803
0.44516274 -0.03610256
0.44615777 -0.03605693
0.44715282 -0.03601115
0.44814788 -0.03596522
0.44914295 -0.03591914
0.45013804 -0.03587290
0.45113314 -0.03582652
0.45212825 -0.03577999
0.45312338 -0.03573331
0.45411852 -0.03568649
0.45511367 -0.03563952
0.45610884 -0.03559240
0.45710402 -0.03554514
0.45809921 -0.03549773
0.45909442 -0.03545019
0.46008964 -0.03540250
0.46108487 -0.03535467
0.46208012 -0.03530670
0.46307539 -0.03525859
0.46407066 -0.03521034
0.46506595 -0.03516195
0.46606126 -0.03511343
0.46705658 -0.03506477
0.46805191 -0.03501597
0.46904726 -0.03496704
0.47004262 -0.03491798
0.47103800 -0.03486878
0.47203339 -0.03481945
0.47302880 -0.03476999
0.47402422 -0.03472039
0.47501965 -0.03467067
0.47601510 -0.03462082
0.47701057 -0.03457084
0.47800605 -0.03452073
0.47900155 -0.03447049
0.47999706 -0.03442013
0.48099259 -0.03436964
0.48198813 -0.03431903
0.48298369 -0.03426829
0.48397926 -0.03421743
0.48497485 -0.03416644
0.48597045 -0.03411534
0.48696607 -0.03406411
0.48796171 -0.03401276
0.48895736 -0.03396129
0.48995303 -0.03390970
0.49094871 -0.03385800
0.49194441 -0.03380617
0.49294013 -0.03375423
0.49393586 -0.03370217
0.49493161 -0.03365000
0.49592738 -0.03359771
0.49692316 -0.03354530
0.49791896 -0.03349278
0.49891477 -0.03344015
0.49991060 -0.03338741
0.50090645 -0.03333455
0.50190232 -0.03328159
0.50289820 -0.03322851
0.50389410 -0.03317532
0.50489001 -0.03312202
0.50588595 -0.03306862
0.50688190 -0.03301511
0.50787786 -0.03296148
0.50887385 -0.03290776
0.50986985 -0.03285392
0.51086587 -0.03279998
0.51186191 -0.03274594
0.51285796 -0.03269179
0.51385403 -0.03263754
0.51485012 -0.03258319
0.51584623 -0.03252873
0.51684235 -0.03247417
0.51783850 -0.03241951
0.51883466 -0.03236475
0.51983084 -0.03230989
0.52082703 -0.03225493
0.52182325 -0.03219987
0.52281948 -0.03214471
0.52381573 -0.03208946
0.52481200 -0.03203411
0.52580829 -0.03197866
0.52680459 -0.03192311
0.52780092 -0.03186748
0.52879726 -0.03181174
0.52979362 -0.03175591
0.53079000 -0.03169999
0.53178640 -0.03164398
0.53278282 -0.03158787
0.53377926 -0.03153167
0.53477571 -0.03147538
0.53577218 -0.03141900
0.53676868 -0.03136253
0.53776519 -0.03130597
0.53876172 -0.03124932
0.53975827 -0.03119258
0.54075484 -0.03113575
0.54175143 -0.03107884
0.54274804 -0.03102183
0.54374467 -0.03096475
0.54474131 -0.03090757
0.54573798 -0.03085031
0.54673467 -0.03079297
0.54773137 -0.03073554
0.54872810 -0.03067803
0.54972484 -0.03062043
0.55072161 -0.03056275
0.55171839 -0.03050499
0.55271520 -0.03044714
0.55371202 -0.03038922
0.55470887 -0.03033121
0.55570573 -0.03027313
0.55670262 -0.03021496
0.55769952 -0.03015672
0.55869645 -0.03009839
0.55969339 -0.03003999
0.56069036 -0.02998151
0.56168735 -0.02992295
0.56268435 -0.02986431
0.56368138 -0.02980560
0.56467843 -0.02974681
0.56567550 -0.02968795
0.56667259 -0.02962901
0.56766970 -0.02956999
0.56866683 -0.02951090
0.56966398 -0.02945174
0.57066115 -0.02939251
0.57165835 -0.02933320
0.57265556 -0.02927382
0.57365280 -0.02921436
0.57465005 -0.02915484
0.57564733 -0.02909524
0.57664463 -0.02903558
0.57764195 -0.02897584
0.57863929 -0.02891603
0.57963666 -0.02885616
0.58063404 -0.02879621
0.58163145 -0.02873620
0.58262887 -0.02867611
0.58362632 -0.02861596
0.58462379 -0.02855575
0.58562128 -0.02849546
0.58661880 -0.02843511
0.58761633 -0.02837469
0.58861389 -0.02831421
0.58961147 -0.02825366
0.59060907 -0.02819305
0.59160670 -0.02813237
0.59260434 -0.02807163
0.59360201 -0.02801083
0.59459970 -0.02794996
0.59559741 -0.02788903
0.59659514 -0.02782803
0.59759290 -0.02776698
0.59859068 -0.02770586
0.59958848 -0.02764468
0.60058630 -0.02758344
0.60158415 -0.02752214
0.60258202 -0.02746077
0.60357991 -0.02739935
0.60457782 -0.02733787
0.60557576 -0.02727633
0.60657372 -0.02721473
0.60757170 -0.02715307
0.60856970 -0.02709136
0.60956773 -0.02702958
0.61056578 -0.02696775
0.61156385 -0.02690586
0.61256195 -0.02684392
0.61356007 -0.02678191
0.61455821 -0.02671986
0.61555638 -0.02665774
0.61655457 -0.02659557
0.61755278 -0.02653335
0.61855101 -0.02647107
0.61954927 -0.02640874
0.62054755 -0.02634635
0.62154586 -0.02628391
0.62254419 -0.02622141
0.62354254 -0.02615886
0.62454092 -0.02609626
0.62553931 -0.02603361
0.62653774 -0.02597090
0.62753619 -0.02590814
0.62853466 -0.02584533
0.62953315 -0.02578247
0.63053167 -0.02571956
0.63153021 -0.02565660
0.63252878 -0.02559359
0.63352737 -0.02553052
0.63452598 -0.02546741
0.63552462 -0.02540425
0.63652328 -0.02534104
0.63752197 -0.02527778
0.63852068 -0.02521447
0.63951942 -0.02515111
0.64051818 -0.02508770
0.64151696 -0.02502425
0.64251577 -0.02496075
0.64351460 -0.02489720
0.64451346 -0.02483360
0.64551234 -0.02476996
0.64651125 -0.02470627
0.64751018 -0.02464253
0.64850913 -0.02457875
0.64950811 -0.02451493
0.65050712 -0.02445105
0.65150615 -0.02438713
0.65250520 -0.02432317
0.65350428 -0.02425916
0.65450339 -0.02419511
0.65550252 -0.02413102
0.65650167 -0.02406688
0.65750085 -0.02400269
0.65850006 -0.02393846
0.65949929 -0.02387419
0.66049854 -0.02380988
0.66149782 -0.02374552
0.66249713 -0.02368112
0.66349646 -0.02361668
0.66449582 -0.02355220
0.66549520 -0.02348767
0.66649461 -0.02342310
0.66749404 -0.02335849
0.66849350 -0.02329384
0.66949298 -0.02322915
0.67049249 -0.02316442
0.67149203 -0.02309965
0.67249159 -0.02303483
0.67349118 -0.02296998
0.67449079 -0.02290509
0.67549043 -0.02284015
0.67649009 -0.02277518
0.67748979 -0.02271017
0.67848950 -0.02264512
0.67948925 -0.02258002
0.68048901 -0.02251489
0.68148881 -0.02244973
0.68248863 -0.02238452
0.68348848 -0.02231927
0.68448835 -0.02225399
0.68548825 -0.02218867
0.68648818 -0.02212331
0.68748813 -0.02205791
0.68848811 -0.02199248
0.68948812 -0.02192701
0.69048815 -0.02186150
0.69148821 -0.02179595
0.69248830 -0.02173037
0.69348841 -0.02166475
0.69448855 -0.02159910
0.69548872 -0.02153341
0.69648891 -0.02146768
0.69748913 -0.02140192
0.69848938 -0.02133612
0.69948965 -0.02127028
0.70048995 -0.02120441
0.70149028 -0.02113851
0.70249063 -0.02107257
0.70349101 -0.02100659
0.70449142 -0.02094058
0.70549186 -0.02087453
0.70649232 -0.02080845
0.70749281 -0.02074234
0.70849333 -0.02067619
0.70949388 -0.02061000
0.71049445 -0.02054379
0.71149505 -0.02047753
0.71249568 -0.02041125
0.71349633 -0.02034493
0.71449702 -0.02027857
0.71549773 -0.02021219
0.71649847 -0.02014577
0.71749923 -0.02007931
0.71850003 -0.02001283
0.71950085 -0.01994631
0.72050170 -0.01987975
0.72150258 -0.01981317
0.72250348 -0.01974655
0.72350442 -0.01967990
0.72450538 -0.01961321
0.72550637 -0.01954650
0.72650739 -0.01947975
0.72750843 -0.01941297
0.72850951 -0.01934615
0.72951061 -0.01927931
0.73051174 -0.01921243
0.73151290 -0.01914552
0.73251409 -0.01907858
0.73351531 -0.01901161
0.73451655 -0.01894460
0.73551782 -0.01887757
0.73651913 -0.01881050
0.73752046 -0.01874340
0.73852182 -0.01867627
0.73952320 -0.01860910
0.74052462 -0.01854191
0.74152607 -0.01847469
0.74252754 -0.01840743
0.74352904 -0.01834014
0.74453058 -0.01827282
0.74553214 -0.01820548
0.74653373 -0.01813809
0.74753535 -0.01807068
0.74853700 -0.01800324
0.74953867 -0.01793577
0.75054038 -0.01786827
0.75154212 -0.01780073
0.75254388 -0.01773317
0.75354568 -0.01766557
0.75454750 -0.01759795
0.75554936 -0.01753029
0.75655124 -0.01746260
0.75755315 -0.01739489
0.75855509 -0.01732714
0.75955707 -0.01725936
0.76055907 -0.01719155
0.76156110 -0.01712371
0.76256316 -0.01705584
0.76356525 -0.01698794
0.76456737 -0.01692001
0.76556952 -0.01685205
0.76657171 -0.01678406
0.76757392 -0.01671604
0.76857616 -0.01664799
0.76957843 -0.01657991
0.77058073 -0.01651180
0.77158306 -0.01644366
0.77258542 -0.01637549
0.77358781 -0.01630729
0.77459024 -0.01623905
0.77559269 -0.01617079
0.77659517 -0.01610250
0.77759769 -0.01603418
0.77860023 -0.01596583
0.77960280 -0.01589744
0.78060541 -0.01582903
0.78160805 -0.01576059
0.78261071 -0.01569211
0.78361341 -0.01562361
0.78461614 -0.01555508
0.78561890 -0.01548651
0.78662169 -0.01541792
0.78762451 -0.01534929
0.78862736 -0.01528064
0.78963024 -0.01521195
0.79063316 -0.01514324
0.79163610 -0.01507449
0.79263908 -0.01500571
0.79364209 -0.01493690
0.79464513 -0.01486807
0.79564820 -0.01479920
0.79665130 -0.01473030
0.79765443 -0.01466137
0.79865760 -0.01459241
0.79966079 -0.01452342
0.80066402 -0.01445439
0.80166728 -0.01438534
0.80267057 -0.01431626
0.80367390 -0.01424714
0.80467725 -0.01417800
0.80568064 -0.01410882
0.80668406 -0.01403961
0.80768751 -0.01397037
0.80869099 -0.01390110
0.80969450 -0.01383180
0.81069805 -0.01376247
0.81170163 -0.01369310
0.81270524 -0.01362371
0.81370888 -0.01355428
0.81471256 -0.01348482
0.81571627 -0.01341533
0.81672001 -0.01334580
0.81772378 -0.01327625
0.81872759 -0.01320666
0.81973142 -0.01313704
0.82073529 -0.01306739
0.82173920 -0.01299771
0.82274313 -0.01292799
0.82374710 -0.01285824
0.82475110 -0.01278846
0.82575514 -0.01271865
0.82675920 -0.01264880
0.82776330 -0.01257892
0.82876744 -0.01250901
0.82977160 -0.01243907
0.83077580 -0.01236909
0.83178004 -0.01229908
0.83278430 -0.01222903
0.83378860 -0.01215896
0.83479293 -0.01208885
0.83579730 -0.01201870
0.83680170 -0.01194852
0.83780613 -0.01187831
0.83881060 -0.01180806
0.83981510 -0.01173778
0.84081963 -0.01166747
0.84182420 -0.01159712
0.84282880 -0.01152673
0.84383344 -0.01145632
0.84483810 -0.01138586
0.84584281 -0.01131538
0.84684754 -0.01124485
0.84785232 -0.01117430
0.84885712 -0.01110370
0.84986196 -0.01103307
0.85086683 -0.01096241
0.85187174 -0.01089171
0.85287668 -0.01082098
0.85388166 -0.01075020
0.85488667 -0.01067940
0.85589172 -0.01060855
0.85689680 -0.01053767
0.85790191 -0.01046676
0.85890706 -0.01039580
0.85991224 -0.01032481
0.86091746 -0.01025379
0.86192272 -0.01018272
0.86292801 -0.01011162
0.86393333 -0.01004048
0.86493869 -0.00996930
0.86594408 -0.00989809
0.86694951 -0.00982684
0.86795497 -0.00975555
0.86896047 -0.00968422
0.86996601 -0.00961285
0.87097158 -0.00954144
0.87197718 -0.00947000
0.87298282 -0.00939851
0.87398850 -0.00932699
0.87499421 -0.00925543
0.87599996 -0.00918383
0.87700574 -0.00911218
0.87801156 -0.00904050
0.87901742 -0.00896878
0.88002331 -0.00889702
0.88102924 -0.00882522
0.88203520 -0.00875337
0.88304120 -0.00868149
0.88404723 -0.00860956
0.88505331 -0.00853760
0.88605941 -0.00846559
0.88706556 -0.00839354
0.88807174 -0.00832145
0.88907796 -0.00824931
0.89008421 -0.00817714
0.89109050 -0.00810492
0.89209683 -0.00803266
0.89310319 -0.00796036
0.89410959 -0.00788801
0.89511603 -0.00781562
0.89612250 -0.00774318
0.89712901 -0.00767071
0.89813556 -0.00759818
0.89914215 -0.00752562
0.90014877 -0.00745301
0.90115543 -0.00738035
0.90216213 -0.00730765
0.90316886 -0.00723491
0.90417563 -0.00716212
0.90518244 -0.00708928
0.90618929 -0.00701640
0.90719617 -0.00694347
0.90820309 -0.00687050
0.90921005 -0.00679747
0.91021705 -0.00672441
0.91122409 -0.00665129
0.91223116 -0.00657813
0.91323827 -0.00650492
0.91424542 -0.00643166
0.91525261 -0.00635836
0.91625984 -0.00628501
0.91726710 -0.00621160
0.91827440 -0.00613815
0.91928174 -0.00606465
0.92028912 -0.00599110
0.92129654 -0.00591750
0.92230400 -0.00584386
0.92331149 -0.00577016
0.92431903 -0.00569641
0.92532660 -0.00562261
0.92633421 -0.00554876
0.92734186 -0.00547486
0.92834955 -0.00540090
0.92935728 -0.00532690
0.93036505 -0.00525284
0.93137286 -0.00517873
0.93238071 -0.00510457
0.93338859 -0.00503036
0.93439652 -0.00495609
0.93540448 -0.00488177
0.93641249 -0.00480740
0.93742053 -0.00473297
0.93842862 -0.00465849
0.93943674 -0.00458395
0.94044491 -0.00450936
0.94145311 -0.00443471
0.94246136 -0.00436001
0.94346964 -0.00428525
0.94447796 -0.00421044
0.94548633 -0.00413557
0.94649473 -0.00406064
0.94750318 -0.00398566
0.94851167 -0.00391062
0.94952019 -0.00383552
0.95052876 -0.00376036
0.95153737 -0.00368515
0.95254602 -0.00360987
0.95355471 -0.00353454
0.95456344 -0.00345915
0.95557221 -0.00338370
0.95658102 -0.00330819
0.95758988 -0.00323262
0.95859877 -0.00315699
0.95960771 -0.00308130
0.96061669 -0.00300555
0.96162571 -0.00292974
0.96263477 -0.00285386
0.96364387 -0.00277793
0.96465302 -0.00270193
0.96566220 -0.00262587
0.96667143 -0.00254974
0.96768070 -0.00247355
0.96869001 -0.00239730
0.96969937 -0.00232099
0.97070876 -0.00224461
0.97171820 -0.00216816
0.97272768 -0.00209165
0.97373721 -0.00201508
0.97474678 -0.00193844
0.97575638 -0.00186173
0.97676604 -0.00178496
0.97777573 -0.00170812
0.97878547 -0.00163121
0.97979525 -0.00155423
0.98080507 -0.00147719
0.98181494 -0.00140008
0.98282485 -0.00132290
0.98383480 -0.00124565
0.98484480 -0.00116834
0.98585484 -0.00109095
0.98686492 -0.00101349
0.98787505 -0.00093596
0.98888522 -0.00085836
0.98989543 -0.00078069
0.99090569 -0.00070295
0.99191599 -0.00062514
0.99292634 -0.00054725
0.99393673 -0.00046930
0.99494716 -0.00039127
0.99595764 -0.00031316
0.99696816 -0.00023498
0.99797873 -0.00015673
0.99898934 -0.00007840
1.00000000 0.00000000
