1.00000000 -0.00000000
0.99909556 0.00151748
0.99819067 0.00303298
0.99728533 0.00454651
0.99637955 0.00605808
0.99547333 0.00756768
0.99456667 0.00907532
0.99365956 0.01058101
0.99275201 0.01208475
0.99184402 0.01358654
0.99093559 0.01508638
0.99002672 0.01658429
0.98911741 0.01808026
0.98820767 0.01957430
0.98729749 0.02106640
0.98638688 0.02255659
0.98547583 0.02404485
0.98456434 0.02553119
0.98365243 0.02701562
0.98274008 0.02849814
0.98182730 0.02997875
0.98091409 0.03145746
0.98000046 0.03293427
0.97908639 0.03440918
0.97817190 0.03588220
0.97725697 0.03735334
0.97634163 0.03882258
0.97542585 0.04028995
0.97450966 0.04175543
0.97359303 0.04321904
0.97267599 0.04468078
0.97175852 0.04614065
0.97084064 0.04759866
0.96992233 0.04905480
0.96900360 0.05050909
0.96808445 0.05196152
0.96716489 0.05341210
0.96624491 0.05486084
0.96532451 0.05630773
0.96440369 0.05775278
0.96348246 0.05919598
0.96256082 0.06063736
0.96163876 0.06207690
0.96071629 0.06351462
0.95979341 0.06495051
0.95887012 0.06638458
0.95794642 0.06781683
0.95702230 0.06924727
0.95609778 0.07067589
0.95517285 0.07210270
0.95424752 0.07352771
0.95332177 0.07495091
0.95239562 0.07637232
0.95146907 0.07779193
0.95054211 0.07920974
0.94961475 0.08062577
0.94868698 0.08204000
0.94775882 0.08345246
0.94683025 0.08486313
0.94590128 0.08627202
0.94497191 0.08767914
0.94404214 0.08908448
0.94311198 0.09048805
0.94218141 0.09188986
0.94125045 0.09328990
0.94031910 0.09468818
0.93938734 0.09608471
0.93845520 0.09747947
0.93752266 0.09887249
0.93658972 0.10026376
0.93565639 0.10165327
0.93472267 0.10304105
0.93378856 0.10442708
0.93285406 0.10581137
0.93191917 0.10719393
0.93098389 0.10857476
0.93004822 0.10995385
0.92911217 0.11133122
0.92817573 0.11270686
0.92723890 0.11408077
0.92630168 0.11545297
0.92536408 0.11682345
0.92442610 0.11819221
0.92348773 0.11955927
0.92254898 0.12092461
0.92160984 0.12228825
0.92067033 0.12365018
0.91973043 0.12501040
0.91879016 0.12636893
0.91784950 0.12772576
0.91690847 0.12908090
0.91596706 0.13043434
0.91502527 0.13178610
0.91408310 0.13313616
0.91314056 0.13448454
0.91219764 0.13583124
0.91125434 0.13717626
0.91031068 0.13851960
0.90936663 0.13986126
0.90842222 0.14120125
0.90747743 0.14253957
0.90653227 0.14387621
0.90558674 0.14521120
0.90464084 0.14654451
0.90369457 0.14787617
0.90274794 0.14920616
0.90180093 0.15053450
0.90085355 0.15186118
0.89990581 0.15318620
0.89895770 0.15450958
0.89800923 0.15583130
0.89706039 0.15715138
0.89611118 0.15846981
0.89516161 0.15978660
0.89421168 0.16110175
0.89326138 0.16241526
0.89231073 0.16372713
0.89135971 0.16503736
0.89040833 0.16634596
0.88945659 0.16765293
0.88850449 0.16895827
0.88755203 0.17026199
0.88659921 0.17156407
0.88564603 0.17286454
0.88469250 0.17416338
0.88373861 0.17546060
0.88278436 0.17675620
0.88182976 0.17805019
0.88087481 0.17934256
0.87991949 0.18063332
0.87896383 0.18192246
0.87800781 0.18321000
0.87705144 0.18449593
0.87609472 0.18578026
0.87513764 0.18706298
0.87418022 0.18834409
0.87322245 0.18962361
0.87226432 0.19090152
0.87130585 0.19217784
0.87034702 0.19345256
0.86938785 0.19472569
0.86842834 0.19599723
0.86746847 0.19726717
0.86650826 0.19853552
0.86554771 0.19980229
0.86458680 0.20106746
0.86362556 0.20233106
0.86266397 0.20359306
0.86170203 0.20485349
0.86073976 0.20611233
0.85977714 0.20736959
0.85881418 0.20862528
0.85785088 0.20987939
0.85688724 0.21113192
0.85592326 0.21238288
0.85495894 0.21363226
0.85399428 0.21488008
0.85302928 0.21612632
0.85206394 0.21737099
0.85109827 0.21861410
0.85013226 0.21985563
0.84916591 0.22109561
0.84819923 0.22233401
0.84723221 0.22357086
0.84626486 0.22480614
0.84529717 0.22603986
0.84432915 0.22727202
0.84336080 0.22850263
0.84239212 0.22973167
0.84142310 0.23095916
0.84045375 0.23218509
0.83948407 0.23340947
0.83851406 0.23463230
0.83754372 0.23585357
0.83657306 0.23707329
0.83560206 0.23829146
0.83463074 0.23950808
0.83365908 0.24072315
0.83268710 0.24193668
0.83171480 0.24314865
0.83074216 0.24435908
0.82976921 0.24556797
0.82879592 0.24677531
0.82782231 0.24798110
0.82684838 0.24918536
0.82587413 0.25038807
0.82489955 0.25158924
0.82392465 0.25278887
0.82294943 0.25398696
0.82197388 0.25518351
0.82099802 0.25637852
0.82002183 0.25757200
0.81904532 0.25876393
0.81806850 0.25995433
0.81709136 0.26114320
0.81611389 0.26233053
0.81513611 0.26351632
0.81415801 0.26470058
0.81317960 0.26588331
0.81220087 0.26706450
0.81122182 0.26824416
0.81024246 0.26942229
0.80926278 0.27059888
0.80828279 0.27177395
0.80730248 0.27294748
0.80632186 0.27411948
0.80534093 0.27528995
0.80435968 0.27645890
0.80337813 0.27762631
0.80239626 0.27879219
0.80141408 0.27995655
0.80043159 0.28111937
0.79944879 0.28228067
0.79846568 0.28344044
0.79748226 0.28459868
0.79649853 0.28575540
0.79551449 0.28691059
0.79453015 0.28806425
0.79354550 0.28921638
0.79256054 0.29036699
0.79157528 0.29151607
0.79058971 0.29266362
0.78960383 0.29380964
0.78861765 0.29495414
0.78763117 0.29609712
0.78664438 0.29723856
0.78565729 0.29837848
0.78466989 0.29951688
0.78368220 0.30065375
0.78269420 0.30178909
0.78170590 0.30292290
0.78071730 0.30405519
0.77972839 0.30518595
0.77873919 0.30631518
0.77774969 0.30744289
0.77675989 0.30856907
0.77576979 0.30969372
0.77477939 0.31081684
0.77378870 0.31193844
0.77279770 0.31305851
0.77180641 0.31417705
0.77081483 0.31529406
0.76982294 0.31640954
0.76883077 0.31752350
0.76783829 0.31863592
0.76684553 0.31974682
0.76585247 0.32085618
0.76485911 0.32196401
0.76386546 0.32307031
0.76287152 0.32417508
0.76187729 0.32527832
0.76088276 0.32638003
0.75988795 0.32748020
0.75889284 0.32857884
0.75789744 0.32967595
0.75690176 0.33077152
0.75590578 0.33186555
0.75490951 0.33295805
0.75391296 0.33404902
0.75291611 0.33513845
0.75191898 0.33622634
0.75092157 0.33731269
0.74992386 0.33839750
0.74892587 0.33948077
0.74792759 0.34056250
0.74692903 0.34164270
0.74593018 0.34272134
0.74493105 0.34379845
0.74393163 0.34487401
0.74293193 0.34594803
0.74193195 0.34702051
0.74093168 0.34809144
0.73993114 0.34916082
0.73893030 0.35022865
0.73792919 0.35129493
0.73692780 0.35235967
0.73592613 0.35342285
0.73492417 0.35448449
0.73392194 0.35554457
0.73291943 0.35660309
0.73191664 0.35766006
0.73091357 0.35871548
0.72991022 0.35976934
0.72890659 0.36082164
0.72790269 0.36187238
0.72689851 0.36292157
0.72589406 0.36396919
0.72488933 0.36501524
0.72388432 0.36605974
0.72287904 0.36710267
0.72187349 0.36814403
0.72086766 0.36918383
0.71986156 0.37022205
0.71885518 0.37125871
0.71784853 0.37229380
0.71684161 0.37332731
0.71583442 0.37435925
0.71482696 0.37538961
0.71381922 0.37641840
0.71281122 0.37744560
0.71180295 0.37847123
0.71079440 0.37949528
0.70978559 0.38051774
0.70877651 0.38153862
0.70776716 0.38255791
0.70675754 0.38357562
0.70574766 0.38459174
0.70473751 0.38560626
0.70372709 0.38661920
0.70271640 0.38763054
0.70170546 0.38864028
0.70069424 0.38964843
0.69968276 0.39065498
0.69867102 0.39165993
0.69765901 0.39266327
0.69664674 0.39366502
0.69563421 0.39466515
0.69462141 0.39566368
0.69360835 0.39666060
0.69259503 0.39765590
0.69158145 0.39864960
0.69056761 0.39964168
0.68955351 0.40063214
0.68853915 0.40162098
0.68752453 0.40260820
0.68650965 0.40359380
0.68549451 0.40457777
0.68447912 0.40556012
0.68346346 0.40654084
0.68244755 0.40751992
0.68143139 0.40849738
0.68041496 0.40947320
0.67939828 0.41044738
0.67838135 0.41141992
0.67736416 0.41239082
0.67634672 0.41336007
0.67532902 0.41432768
0.67431107 0.41529364
0.67329286 0.41625795
0.67227440 0.41722061
0.67125569 0.41818161
0.67023673 0.41914095
0.66921752 0.42009864
0.66819806 0.42105466
0.66717834 0.42200901
0.66615838 0.42296170
0.66513817 0.42391272
0.66411770 0.42486207
0.66309699 0.42580975
0.66207603 0.42675574
0.66105483 0.42770006
0.66003337 0.42864269
0.65901167 0.42958364
0.65798972 0.43052291
0.65696753 0.43146048
0.65594509 0.43239636
0.65492241 0.43333055
0.65389948 0.43426303
0.65287631 0.43519382
0.65185289 0.43612291
0.65082923 0.43705028
0.64980533 0.43797595
0.64878119 0.43889991
0.64775680 0.43982215
0.64673217 0.44074268
0.64570730 0.44166148
0.64468220 0.44257856
0.64365685 0.44349392
0.64263126 0.44440755
0.64160543 0.44531944
0.64057937 0.44622960
0.63955306 0.44713802
0.63852652 0.44804471
0.63749974 0.44894964
0.63647273 0.44985283
0.63544548 0.45075427
0.63441799 0.45165396
0.63339027 0.45255189
0.63236231 0.45344806
0.63133412 0.45434247
0.63030569 0.45523511
0.62927703 0.45612598
0.62824814 0.45701508
0.62721902 0.45790241
0.62618966 0.45878795
0.62516008 0.45967172
0.62413026 0.46055369
0.62310021 0.46143388
0.62206993 0.46231228
0.62103942 0.46318888
0.62000868 0.46406368
0.61897772 0.46493667
0.61794652 0.46580786
0.61691510 0.46667724
0.61588345 0.46754481
0.61485157 0.46841056
0.61381947 0.46927448
0.61278714 0.47013659
0.61175459 0.47099686
0.61072181 0.47185531
0.60968881 0.47271192
0.60865558 0.47356669
0.60762214 0.47441961
0.60658846 0.47527069
0.60555457 0.47611992
0.60452045 0.47696729
0.60348612 0.47781281
0.60245156 0.47865646
0.60141678 0.47949825
0.60038178 0.48033817
0.59934657 0.48117621
0.59831113 0.48201238
0.59727548 0.48284666
0.59623961 0.48367906
0.59520352 0.48450957
0.59416721 0.48533819
0.59313069 0.48616490
0.59209395 0.48698971
0.59105700 0.48781262
0.59001983 0.48863362
0.58898245 0.48945270
0.58794486 0.49026986
0.58690705 0.49108510
0.58586903 0.49189841
0.58483080 0.49270979
0.58379235 0.49351923
0.58275370 0.49432674
0.58171483 0.49513229
0.58067576 0.49593590
0.57963647 0.49673755
0.57859698 0.49753725
0.57755727 0.49833498
0.57651736 0.49913074
0.57547725 0.49992454
0.57443692 0.50071635
0.57339639 0.50150619
0.57235566 0.50229403
0.57131471 0.50307989
0.57027357 0.50386375
0.56923222 0.50464562
0.56819067 0.50542547
0.56714891 0.50620332
0.56610695 0.50697915
0.56506479 0.50775297
0.56402243 0.50852476
0.56297987 0.50929452
0.56193710 0.51006225
0.56089414 0.51082794
0.55985098 0.51159158
0.55880762 0.51235318
0.55776406 0.51311272
0.55672031 0.51387020
0.55567635 0.51462562
0.55463220 0.51537897
0.55358786 0.51613025
0.55254332 0.51687944
0.55149859 0.51762656
0.55045366 0.51837158
0.54940854 0.51911450
0.54836322 0.51985533
0.54731772 0.52059405
0.54627202 0.52133066
0.54522613 0.52206515
0.54418005 0.52279753
0.54313378 0.52352777
0.54208732 0.52425588
0.54104068 0.52498185
0.53999384 0.52570568
0.53894682 0.52642736
0.53789961 0.52714689
0.53685221 0.52786425
0.53580463 0.52857945
0.53475686 0.52929248
0.53370891 0.53000333
0.53266078 0.53071199
0.53161246 0.53141847
0.53056396 0.53212275
0.52951528 0.53282483
0.52846641 0.53352471
0.52741737 0.53422237
0.52636814 0.53491782
0.52531873 0.53561104
0.52426915 0.53630202
0.52321939 0.53699078
0.52216945 0.53767729
0.52111933 0.53836155
0.52006904 0.53904356
0.51901857 0.53972330
0.51796792 0.54040078
0.51691711 0.54107599
0.51586611 0.54174892
0.51481495 0.54241956
0.51376361 0.54308791
0.51271210 0.54375396
0.51166042 0.54441771
0.51060856 0.54507915
0.50955654 0.54573827
0.50850435 0.54639506
0.50745199 0.54704952
0.50639946 0.54770165
0.50534677 0.54835144
0.50429391 0.54899887
0.50324088 0.54964395
0.50218769 0.55028666
0.50113433 0.55092700
0.50008081 0.55156497
0.49902713 0.55220055
0.49797328 0.55283374
0.49691927 0.55346454
0.49586510 0.55409293
0.49481077 0.55471891
0.49375628 0.55534247
0.49270163 0.55596360
0.49164683 0.55658231
0.49059186 0.55719857
0.48953674 0.55781239
0.48848146 0.55842376
0.48742603 0.55903266
0.48637044 0.55963910
0.48531470 0.56024306
0.48425881 0.56084454
0.48320276 0.56144353
0.48214656 0.56204002
0.48109021 0.56263401
0.48003371 0.56322549
0.47897706 0.56381444
0.47792026 0.56440088
0.47686331 0.56498477
0.47580622 0.56556613
0.47474897 0.56614493
0.47369159 0.56672118
0.47263405 0.56729487
0.47157638 0.56786598
0.47051856 0.56843451
0.46946059 0.56900045
0.46840249 0.56956380
0.46734424 0.57012454
0.46628586 0.57068267
0.46522733 0.57123819
0.46416866 0.57179107
0.46310986 0.57234132
0.46205092 0.57288893
0.46099184 0.57343388
0.45993263 0.57397617
0.45887328 0.57451580
0.45781380 0.57505275
0.45675418 0.57558701
0.45569443 0.57611858
0.45463455 0.57664745
0.45357454 0.57717361
0.45251440 0.57769705
0.45145413 0.57821777
0.45039373 0.57873575
0.44933320 0.57925098
0.44827255 0.57976346
0.44721177 0.58027319
0.44615086 0.58078014
0.44508983 0.58128431
0.44402868 0.58178570
0.44296741 0.58228429
0.44190601 0.58278007
0.44084449 0.58327304
0.43978286 0.58376319
0.43872110 0.58425050
0.43765922 0.58473498
0.43659723 0.58521660
0.43553512 0.58569537
0.43447290 0.58617126
0.43341056 0.58664428
0.43234811 0.58711441
0.43128554 0.58758165
0.43022287 0.58804598
0.42916008 0.58850739
0.42809718 0.58896588
0.42703417 0.58942144
0.42597105 0.58987405
0.42490783 0.59032371
0.42384450 0.59077040
0.42278106 0.59121412
0.42171752 0.59165486
0.42065388 0.59209261
0.41959013 0.59252736
0.41852628 0.59295909
0.41746233 0.59338780
0.41639828 0.59381348
0.41533413 0.59423611
0.41426988 0.59465570
0.41320554 0.59507222
0.41214110 0.59548567
0.41107656 0.59589604
0.41001193 0.59630331
0.40894721 0.59670748
0.40788240 0.59710853
0.40681749 0.59750646
0.40575249 0.59790126
0.40468741 0.59829291
0.40362224 0.59868140
0.40255697 0.59906673
0.40149163 0.59944888
0.40042620 0.59982784
0.39931228 0.60020357
0.39816594 0.60057593
0.39701940 0.60094491
0.39587269 0.60131048
0.39472580 0.60167264
0.39357873 0.60203138
0.39243148 0.60238669
0.39128407 0.60273854
0.39013648 0.60308695
0.38898872 0.60343188
0.38784080 0.60377333
0.38669272 0.60411129
0.38554448 0.60444575
0.38439608 0.60477669
0.38324752 0.60510411
0.38209881 0.60542799
0.38094995 0.60574832
0.37980094 0.60606508
0.37865179 0.60637827
0.37750250 0.60668788
0.37635306 0.60699389
0.37520349 0.60729628
0.37405378 0.60759506
0.37290394 0.60789020
0.37175397 0.60818169
0.37060387 0.60846952
0.36945365 0.60875368
0.36830331 0.60903415
0.36715285 0.60931093
0.36600227 0.60958400
0.36485158 0.60985334
0.36370077 0.61011895
0.36254986 0.61038081
0.36139884 0.61063891
0.36024772 0.61089324
0.35909650 0.61114378
0.35794519 0.61139051
0.35679377 0.61163343
0.35564227 0.61187253
0.35449068 0.61210778
0.35333900 0.61233918
0.35218724 0.61256672
0.35103540 0.61279037
0.34988348 0.61301013
0.34873148 0.61322597
0.34757942 0.61343790
0.34642728 0.61364589
0.34527508 0.61384993
0.34412282 0.61405000
0.34297050 0.61424610
0.34181812 0.61443820
0.34066568 0.61462630
0.33951320 0.61481037
0.33836067 0.61499041
0.33720809 0.61516640
0.33605547 0.61533832
0.33490281 0.61550617
0.33375012 0.61566992
0.33259739 0.61582956
0.33144464 0.61598507
0.33029186 0.61613645
0.32913905 0.61628367
0.32798623 0.61642673
0.32683338 0.61656560
0.32568053 0.61670026
0.32452766 0.61683071
0.32337479 0.61695694
0.32222192 0.61707891
0.32106904 0.61719662
0.31991616 0.61731005
0.31876330 0.61741919
0.31761044 0.61752402
0.31645759 0.61762452
0.31530476 0.61772068
0.31415195 0.61781248
0.31299916 0.61789990
0.31184640 0.61798293
0.31069367 0.61806155
0.30954097 0.61813575
0.30838831 0.61820551
0.30723568 0.61827080
0.30608310 0.61833162
0.30493057 0.61838795
0.30377809 0.61843977
0.30262566 0.61848706
0.30147330 0.61852980
0.30032099 0.61856798
0.29916875 0.61860158
0.29801657 0.61863059
0.29686447 0.61865497
0.29571244 0.61867472
0.29456050 0.61868982
0.29340863 0.61870026
0.29225686 0.61870600
0.29110517 0.61870703
0.28995359 0.61870334
0.28880209 0.61869490
0.28765071 0.61868171
0.28649942 0.61866373
0.28534825 0.61864094
0.28419719 0.61861334
0.28304625 0.61858090
0.28189543 0.61854360
0.28074474 0.61850142
0.27959418 0.61845434
0.27844375 0.61840235
0.27729346 0.61834541
0.27614331 0.61828352
0.27499331 0.61821665
0.27384345 0.61814478
0.27269375 0.61806789
0.27154421 0.61798597
0.27039484 0.61789898
0.26924563 0.61780691
0.26809659 0.61770973
0.26694772 0.61760744
0.26579904 0.61750000
0.26465054 0.61738739
0.26350222 0.61726959
0.26235410 0.61714659
0.26120618 0.61701835
0.26005846 0.61688485
0.25891094 0.61674609
0.25776364 0.61660202
0.25661655 0.61645263
0.25546967 0.61629789
0.25432303 0.61613779
0.25317661 0.61597230
0.25203042 0.61580140
0.25088447 0.61562505
0.24973877 0.61544325
0.24859331 0.61525596
0.24744810 0.61506317
0.24630315 0.61486484
0.24515846 0.61466095
0.24401404 0.61445149
0.24286988 0.61423642
0.24172601 0.61401571
0.24058241 0.61378935
0.23943910 0.61355731
0.23829608 0.61331957
0.23715336 0.61307609
0.23601094 0.61282685
0.23486882 0.61257183
0.23372701 0.61231099
0.23258552 0.61204432
0.23144435 0.61177179
0.23030351 0.61149336
0.22916300 0.61120902
0.22802283 0.61091874
0.22688299 0.61062247
0.22574351 0.61032021
0.22460438 0.61001192
0.22346561 0.60969758
0.22232720 0.60937715
0.22118916 0.60905060
0.22005149 0.60871791
0.21891421 0.60837905
0.21777731 0.60803399
0.21664080 0.60768270
0.21550470 0.60732514
0.21436899 0.60696130
0.21323369 0.60659113
0.21209881 0.60621461
0.21096435 0.60583170
0.20983032 0.60544238
0.20869671 0.60504661
0.20756355 0.60464437
0.20643083 0.60423561
0.20529856 0.60382031
0.20416675 0.60339844
0.20303540 0.60296995
0.20190452 0.60253483
0.20077412 0.60209303
0.19964419 0.60164452
0.19851476 0.60118926
0.19738582 0.60072723
0.19625738 0.60025838
0.19512945 0.59978269
0.19400203 0.59930011
0.19287513 0.59881061
0.19174876 0.59831415
0.19062292 0.59781070
0.18949762 0.59730022
0.18837288 0.59678268
0.18724868 0.59625803
0.18612505 0.59572623
0.18500198 0.59518726
0.18387949 0.59464107
0.18275759 0.59408761
0.18163627 0.59352686
0.18051555 0.59295877
0.17939543 0.59238330
0.17827592 0.59180041
0.17715703 0.59121005
0.17603877 0.59061220
0.17492115 0.59000680
0.17380416 0.58939381
0.17268782 0.58877319
0.17157214 0.58814490
0.17045712 0.58750889
0.16934278 0.58686511
0.16822912 0.58621353
0.16711614 0.58555409
0.16600386 0.58488676
0.16489228 0.58421148
0.16378142 0.58352821
0.16267128 0.58283690
0.16156187 0.58213750
0.16045319 0.58142997
0.15934526 0.58071425
0.15823809 0.57999029
0.15713168 0.57925805
0.15602604 0.57851747
0.15492118 0.57776851
0.15381711 0.57701111
0.15271384 0.57624521
0.15161138 0.57547077
0.15050973 0.57468773
0.14940892 0.57389603
0.14830893 0.57309563
0.14720980 0.57228646
0.14611151 0.57146847
0.14501410 0.57064159
0.14391755 0.56980579
0.14282189 0.56896098
0.14172713 0.56810712
0.14063326 0.56724414
0.13954032 0.56637199
0.13844829 0.56549059
0.13735720 0.56459990
0.13626706 0.56369983
0.13517787 0.56279034
0.13408965 0.56187135
0.13300241 0.56094280
0.13191615 0.56000463
0.13083090 0.55905675
0.12974665 0.55809911
0.12866343 0.55713164
0.12758124 0.55615425
0.12650009 0.55516689
0.12542000 0.55416948
0.12434098 0.55316195
0.12326304 0.55214421
0.12218620 0.55111620
0.12111045 0.55007783
0.12003583 0.54902903
0.11896233 0.54796972
0.11788998 0.54689982
0.11681878 0.54581924
0.11574876 0.54472791
0.11467991 0.54362573
0.11361226 0.54251263
0.11254581 0.54138851
0.11148059 0.54025328
0.11041661 0.53910687
0.10935387 0.53794917
0.10829240 0.53678009
0.10723221 0.53559954
0.10617332 0.53440742
0.10511573 0.53320363
0.10405947 0.53198808
0.10300454 0.53076067
0.10195097 0.52952128
0.10089877 0.52826983
0.09984795 0.52700619
0.09879854 0.52573027
0.09775055 0.52444195
0.09670399 0.52314113
0.09565888 0.52182768
0.09461525 0.52050150
0.09357309 0.51916246
0.09253245 0.51781044
0.09149332 0.51644532
0.09045574 0.51506699
0.08941972 0.51367530
0.08838527 0.51227014
0.08735242 0.51085136
0.08632118 0.50941884
0.08529159 0.50797243
0.08426364 0.50651201
0.08323738 0.50503741
0.08221281 0.50354851
0.08118996 0.50204515
0.08016885 0.50052718
0.07914950 0.49899445
0.07813193 0.49744679
0.07711617 0.49588405
0.07610224 0.49430607
0.07509017 0.49271267
0.07407997 0.49110367
0.07307167 0.48947892
0.07206529 0.48783823
0.07106087 0.48618140
0.07005842 0.48450827
0.06905798 0.48281863
0.06805956 0.48111228
0.06706321 0.47938904
0.06606894 0.47764869
0.06507678 0.47589102
0.06408676 0.47411581
0.06309892 0.47232285
0.06211328 0.47051190
0.06112987 0.46868275
0.06014872 0.46683514
0.05916988 0.46496884
0.05819336 0.46308359
0.05721921 0.46117913
0.05624746 0.45925522
0.05527814 0.45731156
0.05431129 0.45534789
0.05334695 0.45336393
0.05238515 0.45135936
0.05142594 0.44933391
0.05046935 0.44728725
0.04951543 0.44521906
0.04856421 0.44312902
0.04761574 0.44101679
0.04667007 0.43888202
0.04572724 0.43672436
0.04478730 0.43454343
0.04385029 0.43233884
0.04291626 0.43011022
0.04198527 0.42785715
0.04105737 0.42557921
0.04013260 0.42327598
0.03921103 0.42094700
0.03829272 0.41859181
0.03737771 0.41620993
0.03646608 0.41380088
0.03555788 0.41136413
0.03465319 0.40889916
0.03375205 0.40640542
0.03285456 0.40388233
0.03196077 0.40132932
0.03107076 0.39874575
0.03018460 0.39613100
0.02930239 0.39348441
0.02842419 0.39080528
0.02755009 0.38809290
0.02668019 0.38534652
0.02581457 0.38256536
0.02495332 0.37974861
0.02409656 0.37689543
0.02324438 0.37400492
0.02239689 0.37107618
0.02155420 0.36810822
0.02071642 0.36510004
0.01988370 0.36205057
0.01905614 0.35895870
0.01823388 0.35582327
0.01741707 0.35264305
0.01660585 0.34941673
0.01580038 0.34614297
0.01500082 0.34282034
0.01420734 0.33944730
0.01342012 0.33602227
0.01263935 0.33254355
0.01186523 0.32900935
0.01109798 0.32541777
0.01033783 0.32176677
0.00958500 0.31805421
0.00883975 0.31427779
0.00810237 0.31043507
0.00737312 0.30652341
0.00665233 0.30254002
0.00594032 0.29848187
0.00523745 0.29434571
0.00454410 0.29012804
0.00386068 0.28582509
0.00318764 0.28143273
0.00252545 0.27694651
0.00187465 0.27236158
0.00123579 0.26767260
0.00060951 0.26287376
-0.00000351 0.25795863
-0.00060251 0.25292011
-0.00118665 0.24775033
-0.00175501 0.24244051
-0.00230655 0.23698081
-0.00284009 0.23136014
-0.00335433 0.22556595
-0.00384774 0.21958388
-0.00431862 0.21339748
-0.00476497 0.20698764
-0.00518446 0.20033203
-0.00557437 0.19340424
-0.00593142 0.18617268
-0.00625165 0.17859901
-0.00653020 0.17063596
-0.00676096 0.16222407
-0.00693610 0.15328681
-0.00704527 0.14372282
-0.00707428 0.13339288
-0.00700276 0.12209655
-0.00679954 0.10952620
-0.00641226 0.09516396
-0.00573910 0.07800007
-0.00451791 0.05542753
0.00000000 0.00000000
0.00651991 -0.05522758
0.00974310 -0.07760067
0.01241826 -0.09456561
0.01480755 -0.10872940
0.01701277 -0.12110181
0.01908629 -0.13220070
0.02105928 -0.14233369
0.02295212 -0.15170124
0.02477898 -0.16044256
0.02655022 -0.16865901
0.02827367 -0.17642712
0.02995544 -0.18380635
0.03160040 -0.19084397
0.03321249 -0.19757833
0.03479500 -0.20404100
0.03635065 -0.21025841
0.03788177 -0.21625288
0.03939036 -0.22204350
0.04087813 -0.22764677
0.04234659 -0.23307701
0.04379706 -0.23834678
0.04523070 -0.24346717
0.04664855 -0.24844802
0.04805156 -0.25329811
0.04944054 -0.25802532
0.05081626 -0.26263674
0.05217941 -0.26713879
0.05353060 -0.27153730
0.05487042 -0.27583759
0.05619938 -0.28004453
0.05751796 -0.28416257
0.05882661 -0.28819581
0.06012574 -0.29214805
0.06141574 -0.29602279
0.06269695 -0.29982327
0.06396971 -0.30355251
0.06523432 -0.30721332
0.06649108 -0.31080833
0.06774025 -0.31433997
0.06898210 -0.31781056
0.07021685 -0.32122224
0.07144473 -0.32457703
0.07266597 -0.32787684
0.07388075 -0.33112346
0.07508927 -0.33431859
0.07629171 -0.33746383
0.07748824 -0.34056068
0.07867903 -0.34361059
0.07986422 -0.34661491
0.08104396 -0.34957494
0.08221841 -0.35249191
0.08338768 -0.35536698
0.08455191 -0.35820126
0.08571122 -0.36099583
0.08686573 -0.36375168
0.08801555 -0.36646979
0.08916079 -0.36915108
0.09030155 -0.37179643
0.09143793 -0.37440670
0.09257003 -0.37698269
0.09369793 -0.37952518
0.09482174 -0.38203492
0.09594152 -0.38451263
0.09705737 -0.38695899
0.09816936 -0.38937467
0.09927758 -0.39176030
0.10038208 -0.39411650
0.10148295 -0.39644386
0.10258026 -0.39874295
0.10367406 -0.40101432
0.10476443 -0.40325849
0.10585143 -0.40547599
0.10693511 -0.40766730
0.10801555 -0.40983291
0.10909278 -0.41197327
0.11016688 -0.41408883
0.11123789 -0.41618003
0.11230587 -0.41824728
0.11337086 -0.42029099
0.11443292 -0.42231155
0.11549209 -0.42430934
0.11654842 -0.42628474
0.11760196 -0.42823811
0.11865274 -0.43016978
0.11970082 -0.43208010
0.12074624 -0.43396939
0.12178903 -0.43583799
0.12282923 -0.43768619
0.12386689 -0.43951429
0.12490204 -0.44132260
0.12593473 -0.44311140
0.12696498 -0.44488095
0.12799283 -0.44663155
0.12901831 -0.44836344
0.13004147 -0.45007689
0.13106233 -0.45177214
0.13208092 -0.45344945
0.13309728 -0.45510904
0.13411144 -0.45675115
0.13512342 -0.45837600
0.13613327 -0.45998382
0.13714100 -0.46157483
0.13814664 -0.46314923
0.13915023 -0.46470722
0.14015179 -0.46624902
0.14115134 -0.46777481
0.14214892 -0.46928479
0.14314455 -0.47077914
0.14413825 -0.47225805
0.14513005 -0.47372170
0.14611998 -0.47517027
0.14710805 -0.47660391
0.14809429 -0.47802282
0.14907873 -0.47942714
0.15006138 -0.48081703
0.15104227 -0.48219267
0.15202142 -0.48355419
0.15299886 -0.48490176
0.15397459 -0.48623552
0.15494865 -0.48755562
0.15592106 -0.48886219
0.15689183 -0.49015539
0.15786098 -0.49143534
0.15882853 -0.49270218
0.15979451 -0.49395604
0.16075893 -0.49519705
0.16172181 -0.49642534
0.16268316 -0.49764103
0.16364301 -0.49884425
0.16460138 -0.50003512
0.16555827 -0.50121375
0.16651372 -0.50238025
0.16746772 -0.50353475
0.16842031 -0.50467736
0.16937150 -0.50580818
0.17032130 -0.50692732
0.17126973 -0.50803489
0.17221681 -0.50913099
0.17316255 -0.51021573
0.17410696 -0.51128920
0.17505007 -0.51235151
0.17599188 -0.51340275
0.17693241 -0.51444303
0.17787168 -0.51547242
0.17880970 -0.51649103
0.17974648 -0.51749895
0.18068204 -0.51849627
0.18161639 -0.51948307
0.18254954 -0.52045944
0.18348152 -0.52142548
0.18441232 -0.52238125
0.18534197 -0.52332686
0.18627048 -0.52426237
0.18719785 -0.52518787
0.18812411 -0.52610344
0.18904927 -0.52700916
0.18997333 -0.52790511
0.19089631 -0.52879135
0.19181823 -0.52966797
0.19273908 -0.53053504
0.19365890 -0.53139263
0.19457767 -0.53224082
0.19549543 -0.53307967
0.19641218 -0.53390926
0.19732792 -0.53472965
0.19824268 -0.53554092
0.19915646 -0.53634312
0.20006928 -0.53713633
0.20098113 -0.53792061
0.20189205 -0.53869603
0.20280203 -0.53946264
0.20371108 -0.54022052
0.20461922 -0.54096972
0.20552646 -0.54171031
0.20643280 -0.54244234
0.20733826 -0.54316587
0.20824284 -0.54388097
0.20914656 -0.54458769
0.21004943 -0.54528609
0.21095144 -0.54597622
0.21185263 -0.54665815
0.21275299 -0.54733192
0.21365253 -0.54799759
0.21455126 -0.54865522
0.21544919 -0.54930486
0.21634634 -0.54994656
0.21724270 -0.55058037
0.21813829 -0.55120635
0.21903312 -0.55182455
0.21992719 -0.55243501
0.22082052 -0.55303778
0.22171310 -0.55363292
0.22260496 -0.55422047
0.22349610 -0.55480049
0.22438653 -0.55537301
0.22527625 -0.55593809
0.22616528 -0.55649577
0.22705362 -0.55704610
0.22794127 -0.55758913
0.22882826 -0.55812489
0.22971458 -0.55865343
0.23060024 -0.55917480
0.23148526 -0.55968904
0.23236963 -0.56019620
0.23325338 -0.56069631
0.23413649 -0.56118941
0.23501899 -0.56167556
0.23590087 -0.56215479
0.23678215 -0.56262714
0.23766284 -0.56309265
0.23854293 -0.56355137
0.23942244 -0.56400332
0.24030138 -0.56444856
0.24117975 -0.56488712
0.24205755 -0.56531903
0.24293481 -0.56574434
0.24381151 -0.56616309
0.24468768 -0.56657531
0.24556331 -0.56698103
0.24643841 -0.56738030
0.24731300 -0.56777315
0.24818707 -0.56815962
0.24906063 -0.56853974
0.24993369 -0.56891354
0.25080626 -0.56928107
0.25167834 -0.56964236
0.25254993 -0.56999744
0.25342106 -0.57034634
0.25429171 -0.57068910
0.25516190 -0.57102576
0.25603163 -0.57135634
0.25690091 -0.57168087
0.25776975 -0.57199940
0.25863815 -0.57231195
0.25950612 -0.57261856
0.26037366 -0.57291925
0.26124078 -0.57321406
0.26210749 -0.57350301
0.26297378 -0.57378615
0.26383968 -0.57406349
0.26470517 -0.57433508
0.26557028 -0.57460093
0.26643499 -0.57486108
0.26729933 -0.57511557
0.26816329 -0.57536441
0.26902689 -0.57560763
0.26989012 -0.57584528
0.27075299 -0.57607736
0.27161550 -0.57630392
0.27247768 -0.57652498
0.27333950 -0.57674057
0.27420099 -0.57695071
0.27506215 -0.57715544
0.27592299 -0.57735478
0.27678350 -0.57754875
0.27764369 -0.57773739
0.27850358 -0.57792072
0.27936316 -0.57809877
0.28022244 -0.57827155
0.28108142 -0.57843911
0.28194011 -0.57860146
0.28279852 -0.57875863
0.28365664 -0.57891065
0.28451449 -0.57905754
0.28537207 -0.57919932
0.28622938 -0.57933602
0.28708643 -0.57946766
0.28794323 -0.57959428
0.28879977 -0.57971588
0.28965607 -0.57983250
0.29051212 -0.57994417
0.29136794 -0.58005089
0.29222352 -0.58015271
0.29307888 -0.58024963
0.29393401 -0.58034169
0.29478892 -0.58042891
0.29564361 -0.58051130
0.29649810 -0.58058890
0.29735238 -0.58066172
0.29820646 -0.58072979
0.29906034 -0.58079313
0.29991403 -0.58085175
0.30076753 -0.58090570
0.30162085 -0.58095497
0.30247399 -0.58099960
0.30332695 -0.58103961
0.30417974 -0.58107502
0.30503236 -0.58110584
0.30588482 -0.58113211
0.30673713 -0.58115384
0.30758928 -0.58117105
0.30844128 -0.58118376
0.30929313 -0.58119199
0.31014484 -0.58119577
0.31099641 -0.58119511
0.31184785 -0.58119003
0.31269916 -0.58118056
0.31355034 -0.58116671
0.31440141 -0.58114850
0.31525235 -0.58112595
0.31610318 -0.58109908
0.31695390 -0.58106792
0.31780451 -0.58103247
0.31865502 -0.58099276
0.31950544 -0.58094880
0.32035575 -0.58090062
0.32120598 -0.58084824
0.32205612 -0.58079167
0.32290618 -0.58073092
0.32375615 -0.58066603
0.32460605 -0.58059701
0.32545588 -0.58052387
0.32630564 -0.58044663
0.32715533 -0.58036531
0.32800497 -0.58027993
0.32885454 -0.58019051
0.32970406 -0.58009706
0.33055353 -0.57999960
0.33140296 -0.57989815
0.33225233 -0.57979272
0.33310167 -0.57968334
0.33395098 -0.57957001
0.33480025 -0.57945276
0.33564949 -0.57933160
0.33649870 -0.57920655
0.33734789 -0.57907763
0.33819706 -0.57894485
0.33904622 -0.57880823
0.33989536 -0.57866778
0.34074450 -0.57852352
0.34159362 -0.57837547
0.34244275 -0.57822364
0.34329187 -0.57806805
0.34414100 -0.57790871
0.34499014 -0.57774564
0.34583929 -0.57757886
0.34668845 -0.57740838
0.34753763 -0.57723421
0.34838682 -0.57705638
0.34923604 -0.57687489
0.35008529 -0.57668977
0.35093457 -0.57650102
0.35178387 -0.57630866
0.35263322 -0.57611271
0.35348260 -0.57591318
0.35433203 -0.57571009
0.35518149 -0.57550345
0.35603101 -0.57529327
0.35688058 -0.57507957
0.35773020 -0.57486237
0.35857988 -0.57464167
0.35942962 -0.57441750
0.36027942 -0.57418987
0.36112929 -0.57395878
0.36197923 -0.57372426
0.36282923 -0.57348632
0.36367932 -0.57324497
0.36452948 -0.57300022
0.36537972 -0.57275210
0.36623004 -0.57250061
0.36708045 -0.57224577
0.36793095 -0.57198758
0.36878154 -0.57172607
0.36963222 -0.57146125
0.37048301 -0.57119313
0.37133389 -0.57092172
0.37218487 -0.57064704
0.37303596 -0.57036909
0.37388716 -0.57008790
0.37473847 -0.56980348
0.37558990 -0.56951583
0.37644144 -0.56922498
0.37729309 -0.56893092
0.37814488 -0.56863369
0.37899678 -0.56833328
0.37984881 -0.56802972
0.38070097 -0.56772300
0.38155327 -0.56741316
0.38240570 -0.56710019
0.38325826 -0.56678411
0.38411097 -0.56646494
0.38496382 -0.56614268
0.38581682 -0.56581735
0.38666996 -0.56548895
0.38752325 -0.56515751
0.38837670 -0.56482303
0.38923030 -0.56448552
0.39008406 -0.56414500
0.39093797 -0.56380148
0.39179206 -0.56345497
0.39264630 -0.56310547
0.39350072 -0.56275301
0.39435530 -0.56239760
0.39521006 -0.56203924
0.39606499 -0.56167794
0.39692010 -0.56131373
0.39777539 -0.56094660
0.39863086 -0.56057657
0.39948652 -0.56020366
0.40037460 -0.55982785
0.40131117 -0.55944909
0.40224783 -0.55906737
0.40318457 -0.55868269
0.40412140 -0.55829506
0.40505832 -0.55790450
0.40599532 -0.55751102
0.40693242 -0.55711463
0.40786961 -0.55671533
0.40880688 -0.55631315
0.40974426 -0.55590808
0.41068172 -0.55550014
0.41161929 -0.55508934
0.41255694 -0.55467569
0.41349470 -0.55425920
0.41443255 -0.55383988
0.41537050 -0.55341774
0.41630856 -0.55299280
0.41724671 -0.55256505
0.41818496 -0.55213451
0.41912332 -0.55170120
0.42006178 -0.55126511
0.42100035 -0.55082626
0.42193902 -0.55038467
0.42287780 -0.54994033
0.42381668 -0.54949326
0.42475568 -0.54904348
0.42569478 -0.54859098
0.42663399 -0.54813578
0.42757332 -0.54767788
0.42851275 -0.54721730
0.42945230 -0.54675405
0.43039197 -0.54628814
0.43133174 -0.54581957
0.43227164 -0.54534835
0.43321165 -0.54487450
0.43415177 -0.54439802
0.43509202 -0.54391892
0.43603238 -0.54343721
0.43697287 -0.54295290
0.43791347 -0.54246600
0.43885420 -0.54197652
0.43979505 -0.54148446
0.44073602 -0.54098984
0.44167712 -0.54049266
0.44261834 -0.53999294
0.44355969 -0.53949068
0.44450117 -0.53898589
0.44544277 -0.53847857
0.44638450 -0.53796875
0.44732636 -0.53745642
0.44826835 -0.53694159
0.44921047 -0.53642428
0.45015273 -0.53590448
0.45109511 -0.53538222
0.45203763 -0.53485750
0.45298029 -0.53433032
0.45392308 -0.53380070
0.45486600 -0.53326864
0.45580906 -0.53273415
0.45675226 -0.53219723
0.45769559 -0.53165791
0.45863907 -0.53111618
0.45958268 -0.53057205
0.46052644 -0.53002554
0.46147034 -0.52947664
0.46241438 -0.52892537
0.46335856 -0.52837174
0.46430288 -0.52781575
0.46524735 -0.52725741
0.46619197 -0.52669672
0.46713673 -0.52613370
0.46808163 -0.52556836
0.46902669 -0.52500069
0.46997189 -0.52443072
0.47091724 -0.52385844
0.47186274 -0.52328386
0.47280840 -0.52270699
0.47375420 -0.52212785
0.47470015 -0.52154643
0.47564626 -0.52096274
0.47659252 -0.52037679
0.47753893 -0.51978859
0.47848550 -0.51919814
0.47943223 -0.51860546
0.48037911 -0.51801055
0.48132615 -0.51741341
0.48227334 -0.51681406
0.48322070 -0.51621249
0.48416821 -0.51560873
0.48511588 -0.51500276
0.48606371 -0.51439461
0.48701171 -0.51378428
0.48795986 -0.51317178
0.48890818 -0.51255710
0.48985666 -0.51194027
0.49080531 -0.51132128
0.49175411 -0.51070014
0.49270309 -0.51007686
0.49365223 -0.50945145
0.49460154 -0.50882391
0.49555101 -0.50819425
0.49650065 -0.50756248
0.49745046 -0.50692860
0.49840044 -0.50629261
0.49935059 -0.50565453
0.50030091 -0.50501437
0.50125141 -0.50437212
0.50220207 -0.50372779
0.50315291 -0.50308140
0.50410392 -0.50243294
0.50505510 -0.50178243
0.50600646 -0.50112987
0.50695799 -0.50047526
0.50790970 -0.49981861
0.50886158 -0.49915994
0.50981364 -0.49849923
0.51076588 -0.49783651
0.51171830 -0.49717177
0.51267090 -0.49650503
0.51362368 -0.49583628
0.51457663 -0.49516554
0.51552977 -0.49449281
0.51648309 -0.49381809
0.51743659 -0.49314140
0.51839027 -0.49246273
0.51934414 -0.49178210
0.52029819 -0.49109951
0.52125243 -0.49041496
0.52220685 -0.48972847
0.52316145 -0.48904003
0.52411624 -0.48834965
0.52507122 -0.48765734
0.52602639 -0.48696310
0.52698174 -0.48626694
0.52793729 -0.48556887
0.52889302 -0.48486888
0.52984894 -0.48416700
0.53080506 -0.48346321
0.53176136 -0.48275753
0.53271786 -0.48204996
0.53367454 -0.48134051
0.53463143 -0.48062917
0.53558850 -0.47991597
0.53654577 -0.47920090
0.53750323 -0.47848397
0.53846089 -0.47776518
0.53941874 -0.47704454
0.54037679 -0.47632205
0.54133504 -0.47559773
0.54229348 -0.47487156
0.54325212 -0.47414357
0.54421096 -0.47341375
0.54517000 -0.47268210
0.54612924 -0.47194864
0.54708868 -0.47121337
0.54804832 -0.47047630
0.54900816 -0.46973742
0.54996821 -0.46899675
0.55092845 -0.46825428
0.55188890 -0.46751003
0.55284955 -0.46676399
0.55381041 -0.46601618
0.55477147 -0.46526659
0.55573274 -0.46451524
0.55669421 -0.46376212
0.55765589 -0.46300725
0.55861777 -0.46225062
0.55957986 -0.46149224
0.56054216 -0.46073212
0.56150467 -0.45997026
0.56246739 -0.45920666
0.56343031 -0.45844133
0.56439345 -0.45767427
0.56535680 -0.45690549
0.56632036 -0.45613499
0.56728412 -0.45536278
0.56824811 -0.45458886
0.56921230 -0.45381323
0.57017671 -0.45303590
0.57114133 -0.45225688
0.57210616 -0.45147616
0.57307121 -0.45069376
0.57403648 -0.44990967
0.57500196 -0.44912390
0.57596765 -0.44833646
0.57693357 -0.44754735
0.57789970 -0.44675656
0.57886605 -0.44596412
0.57983261 -0.44517002
0.58079940 -0.44437426
0.58176640 -0.44357685
0.58273363 -0.44277779
0.58370107 -0.44197709
0.58466873 -0.44117474
0.58563662 -0.44037077
0.58660473 -0.43956516
0.58757306 -0.43875792
0.58854161 -0.43794906
0.58951039 -0.43713858
0.59047939 -0.43632649
0.59144861 -0.43551278
0.59241806 -0.43469746
0.59338774 -0.43388053
0.59435764 -0.43306201
0.59532776 -0.43224188
0.59629811 -0.43142016
0.59726869 -0.43059685
0.59823950 -0.42977196
0.59921054 -0.42894547
0.60018180 -0.42811741
0.60115329 -0.42728777
0.60212502 -0.42645656
0.60309697 -0.42562378
0.60406915 -0.42478943
0.60504157 -0.42395352
0.60601421 -0.42311605
0.60698709 -0.42227702
0.60796020 -0.42143644
0.60893355 -0.42059431
0.60990712 -0.41975063
0.61088093 -0.41890541
0.61185498 -0.41805865
0.61282926 -0.41721035
0.61380377 -0.41636052
0.61477852 -0.41550916
0.61575351 -0.41465627
0.61672873 -0.41380185
0.61770419 -0.41294592
0.61867989 -0.41208846
0.61965583 -0.41122950
0.62063200 -0.41036901
0.62160842 -0.40950702
0.62258507 -0.40864353
0.62356197 -0.40777853
0.62453910 -0.40691203
0.62551647 -0.40604403
0.62649409 -0.40517454
0.62747195 -0.40430355
0.62845005 -0.40343108
0.62942839 -0.40255712
0.63040698 -0.40168168
0.63138581 -0.40080475
0.63236488 -0.39992635
0.63334420 -0.39904647
0.63432376 -0.39816512
0.63530357 -0.39728230
0.63628362 -0.39639802
0.63726393 -0.39551227
0.63824447 -0.39462505
0.63922527 -0.39373638
0.64020631 -0.39284625
0.64118760 -0.39195467
0.64216914 -0.39106163
0.64315093 -0.39016715
0.64413297 -0.38927122
0.64511526 -0.38837384
0.64609779 -0.38747502
0.64708058 -0.38657476
0.64806362 -0.38567307
0.64904692 -0.38476994
0.65003046 -0.38386537
0.65101426 -0.38295938
0.65199831 -0.38205196
0.65298261 -0.38114311
0.65396717 -0.38023284
0.65495198 -0.37932115
0.65593705 -0.37840804
0.65692237 -0.37749351
0.65790795 -0.37657757
0.65889379 -0.37566021
0.65987988 -0.37474145
0.66086623 -0.37382127
0.66185283 -0.37289969
0.66283970 -0.37197671
0.66382682 -0.37105232
0.66481420 -0.37012653
0.66580184 -0.36919935
0.66678974 -0.36827077
0.66777790 -0.36734079
0.66876633 -0.36640942
0.66975501 -0.36547666
0.67074395 -0.36454251
0.67173316 -0.36360698
0.67272263 -0.36267006
0.67371236 -0.36173175
0.67470236 -0.36079207
0.67569261 -0.35985100
0.67668314 -0.35890856
0.67767392 -0.35796474
0.67866498 -0.35701955
0.67965630 -0.35607298
0.68064788 -0.35512504
0.68163973 -0.35417574
0.68263185 -0.35322506
0.68362423 -0.35227302
0.68461688 -0.35131961
0.68560981 -0.35036484
0.68660299 -0.34940871
0.68759645 -0.34845122
0.68859018 -0.34749237
0.68958418 -0.34653217
0.69057845 -0.34557060
0.69157299 -0.34460769
0.69256780 -0.34364342
0.69356288 -0.34267779
0.69455823 -0.34171082
0.69555386 -0.34074250
0.69654976 -0.33977284
0.69754593 -0.33880182
0.69854238 -0.33782946
0.69953910 -0.33685576
0.70053610 -0.33588072
0.70153337 -0.33490433
0.70253092 -0.33392661
0.70352874 -0.33294754
0.70452684 -0.33196714
0.70552522 -0.33098540
0.70652387 -0.33000233
0.70752280 -0.32901792
0.70852201 -0.32803218
0.70952150 -0.32704511
0.71052127 -0.32605670
0.71152132 -0.32506697
0.71252165 -0.32407591
0.71352226 -0.32308352
0.71452315 -0.32208980
0.71552432 -0.32109476
0.71652577 -0.32009839
0.71752751 -0.31910070
0.71852953 -0.31810168
0.71953183 -0.31710134
0.72053442 -0.31609968
0.72153729 -0.31509670
0.72254044 -0.31409240
0.72354388 -0.31308678
0.72454760 -0.31207984
0.72555161 -0.31107159
0.72655591 -0.31006201
0.72756050 -0.30905112
0.72856537 -0.30803892
0.72957053 -0.30702540
0.73057597 -0.30601056
0.73158171 -0.30499442
0.73258773 -0.30397696
0.73359405 -0.30295818
0.73460065 -0.30193810
0.73560755 -0.30091670
0.73661473 -0.29989399
0.73762221 -0.29886998
0.73862998 -0.29784465
0.73963804 -0.29681801
0.74064639 -0.29579007
0.74165504 -0.29476081
0.74266398 -0.29373025
0.74367322 -0.29269838
0.74468275 -0.29166521
0.74569257 -0.29063072
0.74670269 -0.28959493
0.74771311 -0.28855784
0.74872382 -0.28751943
0.74973483 -0.28647973
0.75074613 -0.28543871
0.75175774 -0.28439640
0.75276964 -0.28335277
0.75378184 -0.28230784
0.75479434 -0.28126161
0.75580714 -0.28021407
0.75682024 -0.27916523
0.75783364 -0.27811509
0.75884734 -0.27706364
0.75986135 -0.27601088
0.76087565 -0.27495683
0.76189026 -0.27390147
0.76290517 -0.27284480
0.76392039 -0.27178683
0.76493590 -0.27072756
0.76595173 -0.26966698
0.76696785 -0.26860510
0.76798428 -0.26754192
0.76900102 -0.26647743
0.77001807 -0.26541164
0.77103542 -0.26434454
0.77205308 -0.26327614
0.77307104 -0.26220644
0.77408932 -0.26113543
0.77510790 -0.26006311
0.77612679 -0.25898949
0.77714599 -0.25791457
0.77816550 -0.25683833
0.77918532 -0.25576080
0.78020546 -0.25468195
0.78122590 -0.25360180
0.78224666 -0.25252035
0.78326773 -0.25143758
0.78428911 -0.25035351
0.78531081 -0.24926813
0.78633282 -0.24818145
0.78735514 -0.24709345
0.78837778 -0.24600414
0.78940073 -0.24491353
0.79042400 -0.24382160
0.79144759 -0.24272837
0.79247150 -0.24163382
0.79349572 -0.24053796
0.79452026 -0.23944079
0.79554511 -0.23834231
0.79657029 -0.23724251
0.79759579 -0.23614140
0.79862160 -0.23503898
0.79964774 -0.23393524
0.80067420 -0.23283018
0.80170098 -0.23172381
0.80272808 -0.23061612
0.80375550 -0.22950711
0.80478325 -0.22839678
0.80581132 -0.22728513
0.80683971 -0.22617217
0.80786843 -0.22505788
0.80889748 -0.22394227
0.80992685 -0.22282534
0.81095654 -0.22170708
0.81198656 -0.22058750
0.81301691 -0.21946660
0.81404759 -0.21834436
0.81507859 -0.21722081
0.81610993 -0.21609592
0.81714159 -0.21496970
0.81817358 -0.21384216
0.81920591 -0.21271328
0.82023856 -0.21158307
0.82127155 -0.21045153
0.82230486 -0.20931866
0.82333851 -0.20818445
0.82437250 -0.20704890
0.82540681 -0.20591202
0.82644146 -0.20477379
0.82747645 -0.20363423
0.82851177 -0.20249333
0.82954742 -0.20135109
0.83058342 -0.20020750
0.83161974 -0.19906257
0.83265641 -0.19791629
0.83369341 -0.19676867
0.83473075 -0.19561970
0.83576844 -0.19446938
0.83680646 -0.19331771
0.83784482 -0.19216469
0.83888352 -0.19101031
0.83992256 -0.18985458
0.84096194 -0.18869750
0.84200167 -0.18753905
0.84304174 -0.18637925
0.84408215 -0.18521809
0.84512291 -0.18405557
0.84616401 -0.18289168
0.84720545 -0.18172643
0.84824724 -0.18055982
0.84928938 -0.17939183
0.85033187 -0.17822248
0.85137470 -0.17705176
0.85241788 -0.17587966
0.85346141 -0.17470619
0.85450528 -0.17353135
0.85554951 -0.17235513
0.85659409 -0.17117753
0.85763901 -0.16999855
0.85868429 -0.16881819
0.85972993 -0.16763645
0.86077591 -0.16645332
0.86182225 -0.16526880
0.86286894 -0.16408290
0.86391598 -0.16289560
0.86496338 -0.16170692
0.86601114 -0.16051684
0.86705925 -0.15932536
0.86810772 -0.15813249
0.86915655 -0.15693821
0.87020573 -0.15574254
0.87125527 -0.15454546
0.87230517 -0.15334698
0.87335544 -0.15214709
0.87440606 -0.15094579
0.87545704 -0.14974308
0.87650838 -0.14853896
0.87756009 -0.14733343
0.87861216 -0.14612647
0.87966459 -0.14491810
0.88071739 -0.14370831
0.88177055 -0.14249709
0.88282408 -0.14128445
0.88387797 -0.14007039
0.88493223 -0.13885489
0.88598686 -0.13763796
0.88704185 -0.13641960
0.88809722 -0.13519980
0.88915295 -0.13397857
0.89020905 -0.13275590
0.89126552 -0.13153178
0.89232237 -0.13030622
0.89337958 -0.12907922
0.89443717 -0.12785076
0.89549513 -0.12662085
0.89655346 -0.12538950
0.89761217 -0.12415668
0.89867126 -0.12292241
0.89973071 -0.12168667
0.90079055 -0.12044948
0.90185076 -0.11921082
0.90291135 -0.11797069
0.90397232 -0.11672909
0.90503367 -0.11548602
0.90609539 -0.11424148
0.90715750 -0.11299545
0.90821999 -0.11174795
0.90928285 -0.11049897
0.91034611 -0.10924850
0.91140974 -0.10799654
0.91247376 -0.10674310
0.91353816 -0.10548816
0.91460295 -0.10423173
0.91566812 -0.10297380
0.91673368 -0.10171437
0.91779962 -0.10045344
0.91886596 -0.09919100
0.91993268 -0.09792705
0.92099979 -0.09666160
0.92206729 -0.09539462
0.92313518 -0.09412614
0.92420347 -0.09285613
0.92527214 -0.09158461
0.92634121 -0.09031155
0.92741067 -0.08903698
0.92848052 -0.08776087
0.92955077 -0.08648323
0.93062142 -0.08520405
0.93169246 -0.08392333
0.93276390 -0.08264108
0.93383573 -0.08135728
0.93490797 -0.08007193
0.93598060 -0.07878503
0.93705363 -0.07749658
0.93812707 -0.07620657
0.93920090 -0.07491501
0.94027514 -0.07362188
0.94134978 -0.07232719
0.94242482 -0.07103092
0.94350027 -0.06973309
0.94457613 -0.06843369
0.94565238 -0.06713270
0.94672905 -0.06583014
0.94780612 -0.06452599
0.94888360 -0.06322026
0.94996149 -0.06191294
0.95103979 -0.06060402
0.95211850 -0.05929351
0.95319762 -0.05798140
0.95427715 -0.05666769
0.95535710 -0.05535237
0.95643746 -0.05403545
0.95751823 -0.05271691
0.95859942 -0.05139675
0.95968102 -0.05007498
0.96076304 -0.04875159
0.96184548 -0.04742657
0.96292833 -0.04609992
0.96401161 -0.04477164
0.96509530 -0.04344173
0.96617941 -0.04211017
0.96726395 -0.04077698
0.96834891 -0.03944214
0.96943429 -0.03810565
0.97052009 -0.03676750
0.97160632 -0.03542771
0.97269298 -0.03408625
0.97378006 -0.03274313
0.97486756 -0.03139834
0.97595550 -0.03005189
0.97704386 -0.02870376
0.97813266 -0.02735395
0.97922188 -0.02600246
0.98031153 -0.02464929
0.98140162 -0.02329443
0.98249214 -0.02193788
0.98358309 -0.02057963
0.98467448 -0.01921969
0.98576630 -0.01785804
0.98685856 -0.01649469
0.98795126 -0.01512963
0.98904439 -0.01376285
0.99013796 -0.01239435
0.99123198 -0.01102414
0.99232643 -0.00965220
0.99342132 -0.00827853
0.99451666 -0.00690313
0.99561244 -0.00552599
0.99670866 -0.00414711
0.99780533 -0.00276649
0.99890244 -0.00138412
1.00000000 0.00000000
